	G1-111	G1-112	G1-180	G1-182	G1-183	G1-184	G1-185	G1-186	G2-1103	G2-198	G2-21	G2-210	G2-211	G2-212	G2-22	G2-225	G2-226	G2-227	G2-228	G2-229	G2-23	G2-230	G2-24	G2-26	G2-27	G2-28	G2-29
G1-111	0.0	0.05864196643054784	0.18466025683600854	0.18671764613777495	0.04680544278576438	0.15248488162048726	0.08617031680984095	0.11239543618970556	0.15770043286374652	0.19221919342970475	0.18180235758622143	0.19038734519719977	0.18261159043770758	0.1834894997416546	0.18851316551565533	0.09691045992379364	0.11875930462255531	0.06829353731480362	0.08143541629556045	0.13151505675488026	0.18208148388216577	0.08697564395413844	0.20913650835118955	0.22585813711324843	0.1870355374865059	0.19104794327506777	0.18888419514797009
G1-112	0.05864196643054784	0.0	0.1984065378746102	0.20017304004003664	0.050794529154072614	0.1478912166254463	0.09398855871775866	0.08094916448644321	0.18736905143312338	0.20579907878509726	0.19519738006378357	0.204018753019621	0.19633567032360766	0.19748073336247904	0.1958227661105286	0.10000106069221795	0.15616375847817926	0.08917014248464615	0.1216193472071509	0.11156637200860887	0.19533338473901038	0.1317825173590346	0.21738439034492318	0.2344611123676717	0.20072829676141776	0.20466647048073183	0.20251560297039128
G1-180	0.18466025683600854	0.1984065378746102	0.0	0.00513469195635181	0.19122453280200585	0.2624316518971374	0.17075752849237139	0.20740038094181606	0.18438004021461124	0.009670396311577938	0.048547013324380536	0.008279166991381638	0.016500753841949163	0.008655370902729763	0.08036811191914368	0.16869212899699174	0.21035766026191086	0.1540813029453504	0.16006621112164116	0.20856609684328992	0.06852501642119825	0.13610991646617704	0.11757414661008243	0.14037431333160308	0.022476519460249627	0.009454235019750597	0.01022135395354143
G1-182	0.18671764613777495	0.20017304004003664	0.00513469195635181	0.0	0.1928889871238833	0.26424917798433817	0.17247202547429544	0.20929820301604984	0.1848010377663058	0.010747542141492535	0.050150306478437656	0.009205110451865355	0.017076939550406473	0.009759082913472264	0.08200889205873368	0.17050965508419258	0.21217518634911167	0.15589882903255123	0.1606878843433804	0.2103836229304907	0.07017893166480292	0.13644355316602005	0.11924119695770172	0.14019480924906244	0.023169013631863813	0.010661568803225179	0.009345842089170652
G1-183	0.04680544278576438	0.050794529154072614	0.19122453280200585	0.1928889871238833	0.0	0.18250956478702732	0.0734486150943605	0.1067584747831706	0.183411389388542	0.19888313387825213	0.17063551991137002	0.19711568872953303	0.18943260603351983	0.19042850603008	0.16950732198568222	0.07345074674481533	0.11790482534678422	0.06365630650709554	0.11858760289462117	0.09508171638388492	0.17066155558024113	0.11101631553038342	0.18706801602956788	0.1984964768955274	0.1803981512156235	0.19777633285097918	0.19561253868030332
G1-184	0.15248488162048726	0.1478912166254463	0.2624316518971374	0.26424917798433817	0.18250956478702732	0.0	0.1797511792098201	0.08939115994216594	0.20272070547225807	0.27003388612830187	0.2610276628644494	0.2682535603628255	0.26057047766681235	0.2617155407056837	0.2599299979899913	0.1905139464597003	0.15338921269146844	0.17486528934616313	0.13985063559004696	0.20609968788868438	0.26108423158455013	0.20059550154142788	0.26841174586673033	0.28547845713290904	0.2666888369276352	0.26890127782393647	0.2667504103135958
G1-185	0.08617031680984095	0.09398855871775866	0.17075752849237139	0.17247202547429544	0.0734486150943605	0.1797511792098201	0.0	0.11229307866166949	0.219381422470553	0.17827923773557575	0.1421919953832477	0.1765117925868566	0.17191214628937423	0.17228711460221338	0.14744860944116736	0.13165650779800306	0.12906775737694853	0.12455582479850458	0.11116041678135545	0.16640487815665583	0.1422180310521188	0.07069193533469821	0.16795466710184395	0.1778584206946553	0.15979425507294714	0.17734048329266164	0.1751723802352073
G1-186	0.11239543618970556	0.08094916448644321	0.20740038094181606	0.20929820301604984	0.1067584747831706	0.08939115994216594	0.11229307866166949	0.0	0.20855472097210226	0.21486014487952665	0.1949384693074006	0.21310558034117497	0.2054092102825444	0.20650415483888698	0.19389447915455413	0.1444517051451906	0.15191363219391804	0.12587327207796975	0.1311879986254996	0.16051847165968586	0.19504871274911303	0.1589237809420002	0.21576352527951223	0.23277283193837472	0.20048207427234999	0.21375329780867555	0.21160243029833503
G2-1103	0.15770043286374652	0.18736905143312338	0.18438004021461124	0.1848010377663058	0.183411389388542	0.20272070547225807	0.219381422470553	0.20855472097210226	0.0	0.1901723688659489	0.1814100609577314	0.18805058457042578	0.17928790628365027	0.180045817739886	0.18093164732321784	0.15179632856185704	0.15965735613523097	0.13030188722599845	0.13108029894302783	0.17945688139312677	0.18207155884522358	0.19568446274183937	0.21247052855657747	0.22761709649818188	0.18721856642463075	0.18800825139405894	0.18549311202361568
G2-198	0.19221919342970475	0.20579907878509726	0.009670396311577938	0.010747542141492535	0.19888313387825213	0.27003388612830187	0.17827923773557575	0.21486014487952665	0.1901723688659489	0.0	0.05143400486820289	0.0022416680219964403	0.01931146403229628	0.011151394347250553	0.08031932032080383	0.17519287085184157	0.2178440459199581	0.15978002989279402	0.16460672878352628	0.2155978253746737	0.06846190275030521	0.1421542557771437	0.1177692018099509	0.14148150526368505	0.019376469430909954	0.0030655375780791853	0.005792257207793577
G2-21	0.18180235758622143	0.19519738006378357	0.048547013324380536	0.050150306478437656	0.17063551991137002	0.2610276628644494	0.1421919953832477	0.1949384693074006	0.1814100609577314	0.05143400486820289	0.0	0.0497573493404454	0.05851608942631067	0.0526342905264722	0.03306089823843279	0.13017906890361522	0.1678861379548572	0.13622481166137265	0.1555452544515017	0.1873079753251021	0.02120348066793418	0.13946712218270077	0.07023828878426518	0.09296377170695615	0.03310843531818538	0.050662208913879694	0.05145620240866208
G2-210	0.19038734519719977	0.204018753019621	0.008279166991381638	0.009205110451865355	0.19711568872953303	0.2682535603628255	0.1765117925868566	0.21310558034117497	0.18805058457042578	0.0022416680219964403	0.0497573493404454	0.0	0.017723815689538944	0.009427448484455826	0.08043609972325169	0.17345681698393234	0.21615411468967252	0.157898650591036	0.1628345005823067	0.21381749960919744	0.06857868215275308	0.14037393001166745	0.11761349026908406	0.14012099414823298	0.01848598609830249	0.0017464678948410583	0.003991246629828152
G2-211	0.18261159043770758	0.19633567032360766	0.016500753841949163	0.017076939550406473	0.18943260603351983	0.26057047766681235	0.17191214628937423	0.2054092102825444	0.17928790628365027	0.01931146403229628	0.05851608942631067	0.017723815689538944	0.0	0.010439857543383554	0.09071653139625452	0.1657824263131768	0.20881282946137342	0.15022529462382644	0.1594817892789773	0.20627369670231177	0.07887343642866053	0.1364908452387423	0.12792256608719316	0.14559142404054964	0.028908438942711844	0.017040168346512015	0.014614392962978564
G2-212	0.1834894997416546	0.19748073336247904	0.008655370902729763	0.009759082913472264	0.19042850603008	0.2617155407056837	0.17228711460221338	0.20650415483888698	0.180045817739886	0.011151394347250553	0.0526342905264722	0.009427448484455826	0.010439857543383554	0.0	0.08483473294370038	0.16696689968311734	0.20961318155797012	0.15142305536277417	0.15995620739294733	0.20732758230838244	0.07299163761827893	0.13694173360390796	0.12204076763463911	0.14202693726258248	0.022957172376536446	0.010684505272866929	0.009511257355512974
G2-22	0.18851316551565533	0.1958227661105286	0.08036811191914368	0.08200889205873368	0.16950732198568222	0.2599299979899913	0.14744860944116736	0.19389447915455413	0.18093164732321784	0.08031932032080383	0.03306089823843279	0.08043609972325169	0.09071653139625452	0.08483473294370038	0.0	0.12920235812673936	0.15000625760654565	0.13624930421082754	0.16632671227810095	0.18635702578174054	0.011857417570498607	0.1581620141994783	0.037494723130713205	0.06233664552970808	0.06273600369544907	0.08089565651848782	0.08307933649683291
G2-225	0.09691045992379364	0.10000106069221795	0.16869212899699174	0.17050965508419258	0.07345074674481533	0.1905139464597003	0.13165650779800306	0.1444517051451906	0.15179632856185704	0.17519287085184157	0.13017906890361522	0.17345681698393234	0.1657824263131768	0.16696689968311734	0.12920235812673936	0.0	0.09976428763425686	0.041099912600732924	0.12854269658746623	0.07062633134236858	0.1303422696487451	0.1358635489746306	0.13918406217791854	0.1562224167446303	0.15673927947002292	0.17409890439774764	0.1719480368874071
G2-226	0.11875930462255531	0.15616375847817926	0.21035766026191086	0.21217518634911167	0.11790482534678422	0.15338921269146844	0.12906775737694853	0.15191363219391804	0.15965735613523097	0.2178440459199581	0.1678861379548572	0.21615411468967252	0.20881282946137342	0.20961318155797012	0.15000625760654565	0.09976428763425686	0.0	0.10498459355954469	0.09082593482978805	0.14939793515379657	0.15114616912855142	0.14594263263324997	0.1461727291214375	0.14875310025482574	0.19932023723274528	0.21719394084762045	0.21502583779016635
G2-227	0.06829353731480362	0.08917014248464615	0.1540813029453504	0.15589882903255123	0.06365630650709554	0.17486528934616313	0.12455582479850458	0.12587327207796975	0.13030188722599845	0.15978002989279402	0.13622481166137265	0.157898650591036	0.15022529462382644	0.15142305536277417	0.13624930421082754	0.041099912600732924	0.10498459355954469	0.0	0.08976770376671606	0.08971366342905801	0.13644097632932717	0.11547705309303558	0.16747785875500748	0.18501467459219392	0.14153844086180123	0.15854073800485122	0.1563898704945107
G2-228	0.08143541629556045	0.1216193472071509	0.16006621112164116	0.1606878843433804	0.11858760289462117	0.13985063559004696	0.11116041678135545	0.1311879986254996	0.13108029894302783	0.16460672878352628	0.1555452544515017	0.1628345005823067	0.1594817892789773	0.15995620739294733	0.16632671227810095	0.12854269658746623	0.09082593482978805	0.08976770376671606	0.0	0.1731069979032749	0.15975427665159075	0.09010452468315788	0.19750427939501938	0.21484100718441998	0.15977800764913114	0.16348221804341753	0.16133135053307696
G2-229	0.13151505675488026	0.11156637200860887	0.20856609684328992	0.2103836229304907	0.09508171638388492	0.20609968788868438	0.16640487815665583	0.16051847165968586	0.17945688139312677	0.2155978253746737	0.1873079753251021	0.21381749960919744	0.20627369670231177	0.20732758230838244	0.18635702578174054	0.07062633134236858	0.14939793515379657	0.08971366342905801	0.1731069979032749	0.0	0.18749693730374628	0.17751954396084368	0.18832648502137886	0.20192201851638064	0.19709996209528796	0.2146548080885593	0.212486705031105
G2-23	0.18208148388216577	0.19533338473901038	0.06852501642119825	0.07017893166480292	0.17066155558024113	0.26108423158455013	0.1422180310521188	0.19504871274911303	0.18207155884522358	0.06846190275030521	0.02120348066793418	0.06857868215275308	0.07887343642866053	0.07299163761827893	0.011857417570498607	0.1303422696487451	0.15114616912855142	0.13644097632932717	0.15975427665159075	0.18749693730374628	0.0	0.1516039006455213	0.04932043416366033	0.0741623565626552	0.05087858680865652	0.06903823924830871	0.07122191947585506
G2-230	0.08697564395413844	0.1317825173590346	0.13610991646617704	0.13644355316602005	0.11101631553038342	0.20059550154142788	0.07069193533469821	0.1589237809420002	0.19568446274183937	0.1421542557771437	0.13946712218270077	0.14037393001166745	0.1364908452387423	0.13694173360390796	0.1581620141994783	0.1358635489746306	0.14594263263324997	0.11547705309303558	0.09010452468315788	0.17751954396084368	0.1516039006455213	0.0	0.1787071669184408	0.19610022214747155	0.1354964086636222	0.14116384073646646	0.13899573767901224
G2-24	0.20913650835118955	0.21738439034492318	0.11757414661008243	0.11924119695770172	0.18706801602956788	0.26841174586673033	0.16795466710184395	0.21576352527951223	0.21247052855657747	0.1177692018099509	0.07023828878426518	0.11761349026908406	0.12792256608719316	0.12204076763463911	0.037494723130713205	0.13918406217791854	0.1461727291214375	0.16747785875500748	0.19750427939501938	0.18832648502137886	0.04932043416366033	0.1787071669184408	0.0	0.024841922398994878	0.09991339424128147	0.1180730470643202	0.12025672704266528
G2-26	0.22585813711324843	0.2344611123676717	0.14037431333160308	0.14019480924906244	0.1984964768955274	0.28547845713290904	0.1778584206946553	0.23277283193837472	0.22761709649818188	0.14148150526368505	0.09296377170695615	0.14012099414823298	0.14559142404054964	0.14202693726258248	0.06233664552970808	0.1562224167446303	0.14875310025482574	0.18501467459219392	0.21484100718441998	0.20192201851638064	0.0741623565626552	0.19610022214747155	0.024841922398994878	0.0	0.12309735417895167	0.14109703545864366	0.13870516456692555
G2-27	0.1870355374865059	0.20072829676141776	0.022476519460249627	0.023169013631863813	0.1803981512156235	0.2666888369276352	0.15979425507294714	0.20048207427234999	0.18721856642463075	0.019376469430909954	0.03310843531818538	0.01848598609830249	0.028908438942711844	0.022957172376536446	0.06273600369544907	0.15673927947002292	0.19932023723274528	0.14153844086180123	0.15977800764913114	0.19709996209528796	0.05087858680865652	0.1354964086636222	0.09991339424128147	0.12309735417895167	0.0	0.019248592051550332	0.0211348529255691
G2-28	0.19104794327506777	0.20466647048073183	0.009454235019750597	0.010661568803225179	0.19777633285097918	0.26890127782393647	0.17734048329266164	0.21375329780867555	0.18800825139405894	0.0030655375780791853	0.050662208913879694	0.0017464678948410583	0.017040168346512015	0.010684505272866929	0.08089565651848782	0.17409890439774764	0.21719394084762045	0.15854073800485122	0.16348221804341753	0.2146548080885593	0.06903823924830871	0.14116384073646646	0.1180730470643202	0.14109703545864366	0.019248592051550332	0.0	0.0035588481205726373
G2-29	0.18888419514797009	0.20251560297039128	0.01022135395354143	0.009345842089170652	0.19561253868030332	0.2667504103135958	0.1751723802352073	0.21160243029833503	0.18549311202361568	0.005792257207793577	0.05145620240866208	0.003991246629828152	0.014614392962978564	0.009511257355512974	0.08307933649683291	0.1719480368874071	0.21502583779016635	0.1563898704945107	0.16133135053307696	0.212486705031105	0.07122191947585506	0.13899573767901224	0.12025672704266528	0.13870516456692555	0.0211348529255691	0.0035588481205726373	0.0
