	G1-110	G1-111	G1-112	G1-114	G1-115	G1-116	G1-117	G1-118	G1-119	G1-120	G1-122	G1-123	G1-124	G1-153	G1-154	G1-155	G1-156	G1-157	G1-158	G1-159	G1-161	G1-162	G1-163	G1-165	G1-166	G1-167	G1-168	G1-169	G1-17	G1-170	G1-171	G1-173	G1-174	G1-18	G1-183	G1-184	G1-185	G1-186	G1-19	G2-225	G2-226	G2-227	G2-228	G2-229	G2-230	G2-310	G2-311	G2-312	G2-37	G2-38	G2-39	G2-41	G2-410	G2-411	G2-412	G3-42	G3-43	G3-44	G3-45	G3-46	G3-47	G3-48	G3-49	G3-51	G3-52	G3-53	G3-54	G3-56	G3-61	G3-62	G3-63	G3-64	G3-65	G3-66	G3-710	G3-711	G3-712	G3-713	G3-714	G3-715	G3-716	G3-717	G3-718	G3-77	G3-78	G3-79	G3-81	G3-82	G3-83	G3-84	G3-85	G3-86
G1-110	0.0	0.6109284957729512	0.5275277660544037	0.22385206197567384	0.4523915890511867	0.37753921881762803	0.49847853895557304	0.540828278014477	0.44930634787970875	0.370855418811136	0.4416024660107947	0.5020769063934959	0.5370594114588803	0.25126903253372573	0.2762985274743739	0.19417642887058648	0.2746299598922418	0.1802257440095406	0.15533716346927046	0.21158533314679628	0.4429712315133226	0.16951390284813567	0.4037546015370525	0.06578043086662935	0.24664123494294785	0.48561966139657914	0.49710923502433374	0.4896021198484487	0.41352977210159836	0.5501138399492231	0.5473243558812113	0.5527623839577924	0.5502891557099271	0.2004111011183584	0.5722716799521117	0.5599339314004977	0.5452787072274566	0.5760608196628697	0.4995036111163825	0.4870952343933867	0.5091353527008521	0.506701982016503	0.48652724523155866	0.5470149352041365	0.5965703212457387	0.2287022100577095	0.07166012938551113	0.23315032884361	0.16142857700191762	0.2448344010580193	0.1564456726188569	0.128015260503963	0.07335499409887712	0.13405029892527798	0.12031650073495241	0.051272895545487474	0.22854431644197545	0.18168291231483838	0.3750213131423104	0.3232439545265581	0.22391360433978574	0.4300551037743433	0.6159611640602333	0.5095921409214293	0.5204407775743491	0.5193582478013333	0.5175676218121128	0.5304117448989383	0.5537252422005152	0.5452787496082515	0.5051628094592884	0.4856517930525333	0.4968939630328259	0.56221951366543	0.3543361054441099	0.27462995293467896	0.19603006358577915	0.15586966063963684	0.21290190144959587	0.1256018783063688	0.5068266634658302	0.12560187075672627	0.21290190144959587	0.3543361054441099	0.2746299598922418	0.3543361054441099	0.29767186816575353	0.3675266890991777	0.36752669211967476	0.3635407058804125	0.5574332409780155	0.3609328489827949
G1-111	0.6109284957729512	0.0	0.22408335813534722	0.5020656435349063	0.47594358471096254	0.47323124794894483	0.3249043612149273	0.35364866811348283	0.46954940654309063	0.4259066916853747	0.3205207960068493	0.2608943612599627	0.3244533660465642	0.5344637868895489	0.5806279972900793	0.5436273286395344	0.5817196297587266	0.5484631160401062	0.5393765557333595	0.6477123868221804	0.5841039757542041	0.5364686540351418	0.44411392220358076	0.58826212730926	0.5783776653759408	0.26174790489622174	0.2690769446914572	0.270312784188856	0.36653881732229976	0.2542593868376105	0.21750259730750743	0.2622176512219315	0.2217179131355564	0.5453059745278205	0.23731782306455093	0.1610311638602478	0.21196161230040883	0.15065548703564097	0.7038959761976382	0.25426395502206584	0.2483872245514014	0.2546709014470671	0.24421801814011704	0.25856270255471786	0.36190009589710465	0.5045167257820004	0.5893417121033634	0.5584174428560033	0.5392981642905631	0.5779095435100721	0.6264163592541004	0.5592129302512092	0.5849199364352077	0.560968898965676	0.5750900688486893	0.5899015610941846	0.5899078984063676	0.5245467667800222	0.42843650994334437	0.5342612558139446	0.5037409464839845	0.5776450190726978	0.33012079903946184	0.25268261337716363	0.26377676471705386	0.27024306062727954	0.2621000154545516	0.27568650715317766	0.31523565073950166	0.3258894182013372	0.27979654783799596	0.2786575579173722	0.29041205333231473	0.3447751134000822	0.5232705866292152	0.5817196311366235	0.5425356961708871	0.5651134539101927	0.596898972624529	0.558201219542502	0.6287462449403136	0.5582012210210052	0.596898972624529	0.5232705866292152	0.5817196297587266	0.5232705866292152	0.47535767805007667	0.5133250011754695	0.5133250003764984	0.5204481452429537	0.6507743346520387	0.5193933210471551
G1-112	0.5275277660544037	0.22408335813534722	0.0	0.5204093770200517	0.5007255396654132	0.4854148662673852	0.2805041095896249	0.3127068757892589	0.44994378361435833	0.3981725536342997	0.3171938167908573	0.25070119610922703	0.28234827599619267	0.556341128685068	0.5749699900733295	0.5326398085799614	0.5762188594102142	0.571986428067719	0.5275653501434494	0.5806942542807418	0.6512353215897566	0.5242782921540633	0.42004554546967526	0.5003602412961334	0.5723098040035542	0.2514051497014741	0.2433436150747543	0.24473771414653678	0.3443852296153613	0.2280583081357185	0.17615109992220376	0.1956890968704386	0.1811679603574564	0.5346054382797523	0.19846726602577205	0.11938358604621346	0.16065709393685784	0.12610260465971804	0.6789255996615438	0.09279771853577759	0.11726001218631657	0.12458316705234179	0.07984945781839745	0.10885648901564832	0.25002726709571177	0.3990724246872255	0.5019491028888975	0.5498472608114647	0.5275057102063665	0.57176547880766	0.5465525342399066	0.465154918151403	0.49630838039187447	0.5523946625295711	0.4847896105026634	0.5392916020565948	0.4858767669459319	0.5105605732164549	0.4376795223609694	0.5226881987445675	0.5222608973337054	0.5840505392092206	0.3664150142842062	0.2395678743653193	0.23789069632555168	0.25935950067285746	0.23606637467028904	0.2517384034543425	0.29688325295035495	0.26817568735449515	0.21536379266598943	0.22975169693255107	0.22750709891667595	0.29169218642891354	0.5093509163696907	0.5762188610073117	0.5313909392430768	0.5572207584780875	0.5935242029852307	0.5491509039928557	0.6880297210831937	0.5491509057229307	0.5935242029852307	0.5093509163696907	0.5762188594102142	0.5093509163696907	0.4526930689209622	0.4961626121865714	0.496162611239555	0.5043180414501761	0.6630108819653504	0.5030693326294694
G1-114	0.22385206197567384	0.5020656435349063	0.5204093770200517	0.0	0.3274808242462588	0.20438592818949122	0.42284734065197394	0.4621855807442651	0.34404960826148984	0.2570554879274414	0.3366479965480276	0.3874231938066274	0.46012128059975843	0.08554858085553702	0.18013113151115556	0.10354849906098867	0.17837309451874106	0.11304741409667403	0.08111508524431149	0.3576494091312363	0.3686548241178293	0.07410542120051404	0.2982995911879026	0.17325686849444272	0.15351639902185465	0.3919732326935454	0.3945396941080928	0.3866270259151371	0.3349048147956404	0.45761024530225924	0.42386547247430073	0.4666981504834942	0.4255603301936625	0.11000259387946582	0.4527139552118603	0.47244877350255543	0.45610808524324714	0.4565165809367741	0.562637061448235	0.4829055491896357	0.5032921373749328	0.5010157138402624	0.4823970512073272	0.5386332799074443	0.5856310518069163	0.2964495377312445	0.17757481256744706	0.1481786574347765	0.07444027243254495	0.1516373445018559	0.24861870664269684	0.21564439802281926	0.17065184552960194	0.12616433120276785	0.24403991406292252	0.18190601433092424	0.32516716553464314	0.14745019945720866	0.20759535376422567	0.3145130648283017	0.008890570653069469	0.3503898464085321	0.5084651198226648	0.37218168008285796	0.38485536916156343	0.3834706186306163	0.38236375203072553	0.397610843665975	0.4467882800510451	0.4692894946141064	0.40946807725178574	0.4109509746925243	0.42326755371502733	0.4882315473812156	0.2629901426584728	0.17837309394163484	0.10546663841358589	0.1457536319643823	0.19586496416066349	0.11866789209135252	0.47339418114753473	0.11866789169524226	0.19586496416066349	0.2629901426584728	0.17837309451874106	0.2629901426584728	0.2051017558742838	0.2709230514372229	0.2709230542833118	0.2662093676122717	0.4680262358743312	0.27005212034493664
G1-115	0.4523915890511867	0.47594358471096254	0.5007255396654132	0.3274808242462588	0.0	0.28264564247045587	0.39443612790017857	0.4283813119506903	0.38964811836152363	0.44262946621398197	0.3406284698055315	0.35700224116270063	0.42053158828667647	0.34892020528707435	0.4159020324665157	0.3617359577750734	0.4150102829389944	0.368499084808227	0.35168402393097986	0.40537936722102336	0.4034531763770185	0.3406170047149234	0.3635565531561094	0.421235655061189	0.4073420627262044	0.38584980736597224	0.39009845838659696	0.3832763876885885	0.29666206729574646	0.4456212549423083	0.4141514496404386	0.4485979113587163	0.41204225003442657	0.36501452342903035	0.44166304348924157	0.458813006095124	0.44426440445129606	0.4450002093742961	0.6459097604023982	0.46684133056736593	0.4852005328843508	0.48309265458093537	0.46643485416030206	0.4281512541989455	0.5611706804789275	0.4685497385051211	0.4233664301331577	0.3521433367549305	0.3521201555422406	0.40641673289603486	0.4746285949551124	0.43733205427568533	0.40904185899796636	0.37619262066545195	0.4766532491778745	0.4227967046599527	0.4995413311836755	0.4150594087375525	0.4121826896512101	0.35069061967951715	0.32228873359878196	0.49333823606473765	0.4038668321927824	0.37088067386141116	0.38183037361327715	0.3806301406153263	0.3796870492603047	0.3929211590383919	0.41149946100819534	0.4291652877045383	0.39734865594509383	0.3774675552631699	0.3888927801785083	0.44711938264517037	0.44241799338527976	0.4150102819829923	0.362708917882727	0.39423710288622926	0.4350880070849613	0.38070676983127766	0.5880326089715588	0.3807067689360743	0.4350880070849613	0.44241799338527976	0.4150102829389944	0.44241799338527976	0.39893077842165275	0.4479299388381117	0.4479299409568176	0.44573616843669955	0.5801164214310335	0.44639079846531976
G1-116	0.37753921881762803	0.47323124794894483	0.4854148662673852	0.20438592818949122	0.28264564247045587	0.0	0.3912505425573111	0.4273220530565214	0.2360681697415211	0.29257879822845884	0.42095584647047074	0.3534764447316706	0.42101165265973045	0.26213130696872095	0.33817629062869936	0.27665539850914683	0.3370311880821562	0.28432005019756124	0.2630659777162271	0.32950654863117257	0.3395091467105902	0.25048621191829384	0.19647574066479775	0.3425439881883915	0.32676135422661723	0.36124840603066316	0.36620301607352934	0.35871818688768525	0.36391236967129514	0.42805012717829094	0.3918667865534345	0.42956073191703203	0.3896584551527345	0.2808634048366871	0.42255957493504215	0.4406597272144378	0.4246755898054842	0.4261290852859786	0.616055534036026	0.44781719146846305	0.4682597105669841	0.46587144269091946	0.4474237253989506	0.407167108210558	0.5515034241857609	0.2807767299181696	0.34529219956498247	0.2674578229927564	0.2638749346810644	0.3255670399272284	0.40306977726857873	0.36391051733918983	0.3282640316366347	0.29143322330607097	0.38088212961273	0.34389902175555004	0.4404989916228401	0.3095354457720742	0.18669379847790848	0.124041141494976	0.1979491146193989	0.441756281135448	0.3847962387650309	0.34571780107972677	0.35781325852873386	0.356471631238182	0.355569239137298	0.37019193231122915	0.4114146759144616	0.43017548807398176	0.3745799992643159	0.37522124410736124	0.38739954393641474	0.4491768460258038	0.24439023832428264	0.33703118720229347	0.2779047841971391	0.31362841514364576	0.3580071752632219	0.2962057538824866	0.5484999458484484	0.29620575309094455	0.3580071752632219	0.24439023832428264	0.3370311880821562	0.24439023832428264	0.18318334739113748	0.24281444390784424	0.24281444648627115	0.23829518706004016	0.5340615524710578	0.23873490778560974
G1-117	0.49847853895557304	0.3249043612149273	0.2805041095896249	0.42284734065197394	0.39443612790017857	0.3912505425573111	0.0	0.06905645863255336	0.43700480073017195	0.3815936875721556	0.26131830392844513	0.14726228716250012	0.16903807016134406	0.4129046883677629	0.4303402616704535	0.3818875367952358	0.4317697646928927	0.43075316786811557	0.4062465640854246	0.5579721127905187	0.5476325748692544	0.4007662526501624	0.43677910138661113	0.467554074428809	0.45480661929820004	0.20580266828704322	0.20859640143931185	0.20033980342535976	0.24559873437270227	0.22667012854813468	0.18545182315825323	0.16927553743419546	0.18826342455998016	0.3848613997300987	0.260000395731795	0.2373690720334808	0.21432160320306848	0.26178452340296793	0.6657697080295405	0.22774637657594346	0.25779217162653933	0.2537109984952021	0.2278590366456085	0.30788515052263965	0.37517982096646335	0.4128128778896167	0.46935316159926427	0.4357324183641167	0.4042146951954015	0.4540257181901978	0.5166024549779201	0.4829400548600608	0.46325055374517493	0.43297950464408885	0.5225432841865598	0.5117131472132888	0.5368873418924501	0.4620029586024978	0.39566304208411013	0.4114440244021826	0.4250336742802917	0.5301074509186522	0.3299630362398319	0.1505255657862846	0.16521467046886237	0.12866696888251025	0.163445633824677	0.14536025291792484	0.2186992166771388	0.18050351582814633	0.1499452943530185	0.12117070269264313	0.13673266817365579	0.2089690221835686	0.35523019451760685	0.4317697637616131	0.38045803377279663	0.41229344862611733	0.4825633676214094	0.43275234462661305	0.6138687751254172	0.4327523436945465	0.4825633676214094	0.35523019451760685	0.4317697646928927	0.35523019451760685	0.29860490237953136	0.3481178582148348	0.34811786035575704	0.34515650536981207	0.5863157467868491	0.3480400500226941
G1-118	0.540828278014477	0.35364866811348283	0.3127068757892589	0.4621855807442651	0.4283813119506903	0.4273220530565214	0.06905645863255336	0.0	0.46535841618209894	0.41179585437884797	0.2897884535684479	0.18090255339523909	0.11314352615364265	0.42925576810563937	0.38989862987579854	0.42229275840470804	0.3914296170492019	0.4708679638879147	0.4470580481385439	0.5960971699494791	0.5804962314438634	0.44136617976434095	0.47177451116606134	0.5070958058303521	0.4137909614579735	0.2329607785155251	0.235457660445574	0.2343137854402012	0.28172906842809753	0.2583888774815069	0.21071639072071838	0.20101215623686666	0.2134508472713719	0.42511835307536283	0.2906315749240534	0.26243752501563605	0.24617814362582402	0.28641463596878747	0.6956859401816166	0.26168766973350843	0.2886060570423725	0.28686986056412495	0.2617209867222379	0.33933004944473266	0.40423271303347874	0.45214551588889457	0.5109522236568155	0.4747595285691445	0.44493311380584666	0.4153248292566542	0.4823372609496704	0.5234534781423423	0.5048895258358272	0.4739144970730667	0.5569420757067219	0.5531419924398197	0.5749342060320092	0.5017758496772834	0.4317652744946109	0.44870523129735923	0.4643501303496437	0.5635107846734729	0.3584678610898859	0.2017051275428114	0.2087320849581056	0.1727639671003328	0.21391098312130047	0.1910751615153955	0.2276641855100986	0.12627817432875818	0.18347076427608297	0.15544297239188332	0.17058194295243415	0.15856118660773455	0.30945630310330646	0.3914296161449945	0.4208394139738206	0.4531464100370415	0.44588534393602497	0.4739460265690181	0.5938047102500631	0.473946025531228	0.44588534393602497	0.30945630310330646	0.3914296170492019	0.30945630310330646	0.33732751377349607	0.30220576889216405	0.3022057711838715	0.29866745636203595	0.6152744464016681	0.30175571148359853
G1-119	0.44930634787970875	0.46954940654309063	0.44994378361435833	0.34404960826148984	0.38964811836152363	0.2360681697415211	0.43700480073017195	0.46535841618209894	0.0	0.1252980323629355	0.45087774085618443	0.4180971910231042	0.43914075237139033	0.34850059760621444	0.3685593586448799	0.32016447666491676	0.3675547052964619	0.3759361402027343	0.3471457215340679	0.4018408012827393	0.4097651800559241	0.3359190215868259	0.08530154868446066	0.417717612900261	0.39593600151545966	0.44201186916167845	0.4453746248010873	0.44462992112762223	0.2963169290029022	0.39841804840528855	0.35458726667050156	0.36311168040881003	0.35252115424517383	0.32378552646468967	0.4224775974450875	0.4009861953102359	0.39014415764293076	0.42065772641242816	0.6457212254640263	0.4107231365738458	0.4320797192256424	0.42948895600758635	0.4104227182810813	0.3726791452427152	0.5190427318605059	0.35411659408489676	0.41989200940619126	0.2858408364014444	0.34760245596774436	0.3949746829961663	0.4645014128635141	0.376446448511198	0.4053311453240903	0.3720302301842867	0.38448915712247694	0.46535733376335187	0.4974346116027627	0.32597200455017766	0.31006263186201344	0.2857393029033476	0.3389020637940263	0.4473641893056296	0.43270241285247074	0.43180669723482173	0.43625287047839084	0.4086500174122505	0.4395353359609609	0.42028810246606535	0.4620259686953997	0.447477679377929	0.4010115426147787	0.4021343928977989	0.41304152196424765	0.4648165105019705	0.3386586669073936	0.3675547044140965	0.32123921776793474	0.35393594752914165	0.42418132471403014	0.3765937352418325	0.5822623866417214	0.3765937343435439	0.42418132471403014	0.3386586669073936	0.3675547052964619	0.3386586669073936	0.30139120922190515	0.34636201748596235	0.3463620197684148	0.3431893728990584	0.5480817901067107	0.3437384014810806
G1-120	0.370855418811136	0.4259066916853747	0.3981725536342997	0.2570554879274414	0.44262946621398197	0.29257879822845884	0.3815936875721556	0.41179585437884797	0.1252980323629355	0.0	0.39120369353448375	0.3602601735656057	0.38154726979362186	0.2613440209190447	0.2813923148173436	0.22652434242171673	0.2800875681185927	0.2899811594677039	0.2572936318927243	0.46241611014608575	0.4611463130019879	0.24449075396723163	0.13967838108356437	0.33820478422951383	0.3129282056145496	0.38374678221487496	0.38834542979066056	0.38743957947514734	0.21241516080022624	0.33904423754189583	0.2884333164938685	0.29917387563772835	0.2863287862970319	0.23121904589207112	0.3702500000174846	0.34455903281005024	0.33153092305691145	0.36808136979941897	0.6148222649604456	0.35061804269381047	0.37667618679024756	0.3733787326250673	0.35043395503607644	0.42065210092589106	0.48006965953573427	0.2693278171278068	0.3410197249225072	0.3069307489568838	0.25813766094347806	0.31168098683710377	0.3909873378394607	0.29122844757464206	0.32364802493210926	0.28311463172967716	0.296858431976713	0.3917187159279505	0.4358066095168102	0.22995106394613407	0.22317595461131498	0.34210433070618707	0.2509053311778216	0.38935799332473314	0.4759470452672261	0.37411823044127746	0.3795087901315524	0.34788812179486495	0.38348297706517775	0.362012171159071	0.4122232625085966	0.39169062148955186	0.3409466757217121	0.34087302230198885	0.35413166609087005	0.4126853749946339	0.2505203534612313	0.2800875673512825	0.22791848039052784	0.2620648951237729	0.34184705995858977	0.2879446463467091	0.5405663873654981	0.28794464556220645	0.34184705995858977	0.2505203534612313	0.2800875681185927	0.2505203534612313	0.21045901309215348	0.2609500351367473	0.26095003772343817	0.2565798365945293	0.5100726774786273	0.25705268178900725
G1-122	0.4416024660107947	0.3205207960068493	0.3171938167908573	0.3366479965480276	0.3406284698055315	0.42095584647047074	0.26131830392844513	0.2897884535684479	0.45087774085618443	0.39120369353448375	0.0	0.1666667273683308	0.23056761119747846	0.3767906720475199	0.4417402538552605	0.397170444926915	0.4432760988683397	0.35528313549197754	0.3912416208654772	0.5151732952143846	0.5017886689678258	0.3853112301396367	0.4282784243752257	0.4581625795777726	0.4368653801782824	0.08511472013939823	0.10003836621334312	0.09854697449987403	0.3444378922786556	0.20560459009186202	0.19967714293511227	0.2589233389490094	0.2025597923919918	0.4002710132223124	0.2531756820905202	0.26370877748936483	0.24908455361832418	0.2505462363694129	0.6430415102925605	0.25994378548339386	0.2928235381995877	0.2859073597902966	0.26307463699087147	0.3398272811425444	0.4100516850680208	0.4510960802950849	0.46015902530625036	0.4241387987707999	0.3890483372583384	0.43598123995052473	0.5045736987730454	0.41987506995653406	0.45346880102096243	0.36831998098901136	0.38094197443668437	0.41104377206983334	0.5217203701765436	0.3160628731641196	0.3608410087930575	0.4597230219118956	0.3392723858262348	0.4848508715189329	0.32743328382829684	0.13391887381405995	0.14204610359509046	0.14009759187257487	0.14802980655322823	0.15999094145346343	0.23531142016812612	0.24363257041516972	0.1924431312765618	0.18900170151983187	0.2058866497243568	0.2706256842690231	0.4689755309942448	0.44327609784111727	0.3956417410049139	0.37846932539318606	0.4125887731379317	0.3641046925943541	0.5761947302096333	0.36410469170845644	0.4125887731379317	0.4689755309942448	0.4432760988683397	0.4689755309942448	0.4300818247699337	0.4726489059000246	0.47264890477551297	0.467724195345527	0.5905510510401627	0.4706015921708933
G1-123	0.5020769063934959	0.2608943612599627	0.25070119610922703	0.3874231938066274	0.35700224116270063	0.3534764447316706	0.14726228716250012	0.18090255339523909	0.4180971910231042	0.3602601735656057	0.1666667273683308	0.0	0.0836611319740738	0.3744087858511422	0.4344275145932326	0.38632243328142263	0.4358467610712585	0.3926095015135034	0.41050668692343917	0.560769777097638	0.5162683177914746	0.40044379478239733	0.4250523077486081	0.4735248719769417	0.4608865142978167	0.09561854803172587	0.10502165810205769	0.10656661946021422	0.28405674648511237	0.1651386757636204	0.11825557073793708	0.1688306919256474	0.11662269685181699	0.3892538761347469	0.18937108125000568	0.20516500948102473	0.183045348412589	0.1931328282981522	0.6673716940764188	0.20487718675887076	0.2246236273809999	0.23184847385227284	0.19285122697424745	0.2880692834638647	0.35047617986599316	0.3669098328376023	0.4752886107678622	0.4416563707699808	0.41073682334805195	0.4601209397494552	0.5221613610808479	0.43648181915081014	0.46266036128449856	0.43252121814734223	0.47359821068743096	0.4751672094341709	0.5398359973206559	0.41547975429091094	0.30895444389344906	0.41529937188589444	0.38286282832586194	0.49005380546906224	0.2374747320905011	0.08605579631692101	0.10203784666548624	0.0739259799475777	0.10038281945062888	0.08414927033205631	0.08975402238289922	0.09772595673457166	0.05812885966661419	0.031933850579849155	0.04280657810297996	0.12138777801346569	0.3598563548182488	0.43584676013793017	0.38490318680339664	0.416504209569102	0.4862706633066386	0.4368165230276573	0.6159370252119277	0.43681652209357796	0.4862706633066386	0.3598563548182488	0.4358467610712585	0.3598563548182488	0.295873351235024	0.3452575900239911	0.34525759215934765	0.35452269323782376	0.5896274780789329	0.35504829915354924
G1-124	0.5370594114588803	0.3244533660465642	0.28234827599619267	0.46012128059975843	0.42053158828667647	0.42101165265973045	0.16903807016134406	0.11314352615364265	0.43914075237139033	0.38154726979362186	0.23056761119747846	0.0836611319740738	0.0	0.42462803913779357	0.384621095045282	0.41755095615004545	0.3861653256541673	0.4666422653689734	0.4425195185867987	0.5931838684736537	0.5746487794500598	0.4321302812988659	0.4528041490440269	0.5074321738312718	0.41362938612576666	0.16949619502627253	0.1777431228247058	0.1764672467131879	0.30997328301626303	0.23802114437009547	0.1865278167423211	0.19919026375157675	0.18471479940854868	0.4204230106791291	0.25915837448765283	0.22903012394280986	0.21375465923140374	0.2566148973860933	0.6940351039697636	0.23778052143640666	0.256798159807661	0.2642306099915371	0.22561497491273555	0.319227835862918	0.37974191333229773	0.39726935736294555	0.5091354165375755	0.47280233672284117	0.4426635325084159	0.41272360022980054	0.4802107060694269	0.4691750298274927	0.49636456583401717	0.4650866177509623	0.5004224285013363	0.5495733420995403	0.5718493833079356	0.4471594603287084	0.3782590568769316	0.44458562217394826	0.45574483591700676	0.517757297327249	0.30144436179680917	0.16562408998874809	0.1731452902247212	0.13551694580250118	0.17868638496332165	0.15511221245838833	0.13875449498619424	0.029265282650565654	0.08663212640624805	0.06351336304533355	0.07413652952045138	0.057109793223001894	0.3034829213304829	0.38616532475440407	0.4160856827153253	0.448664420881714	0.4410994991164197	0.4696345102010002	0.5912388739415649	0.4696345091642227	0.4410994991164197	0.3034829213304829	0.3861653256541673	0.3034829213304829	0.3240859333078008	0.2877759533965659	0.2877759557193913	0.2978544654993579	0.6145318298023985	0.29833886933304926
G1-153	0.25126903253372573	0.5344637868895489	0.556341128685068	0.08554858085553702	0.34892020528707435	0.26213130696872095	0.4129046883677629	0.42925576810563937	0.34850059760621444	0.2613440209190447	0.3767906720475199	0.3744087858511422	0.42462803913779357	0.0	0.10024907979254084	0.06541770181200528	0.0982078613487326	0.0808848733077925	0.10874153887801917	0.3801832550949943	0.3541934373353099	0.10585331274061105	0.35522529240280365	0.2125741613003817	0.15019647682241377	0.4237790647804389	0.4302736944052139	0.4293722208027259	0.3125102698452465	0.4672356999638411	0.42606045379498053	0.47684706753884154	0.42982942461096796	0.07236824158702526	0.4890040414813514	0.5033993133370995	0.4936867517350412	0.48723154954304915	0.5778161964901456	0.519747436660576	0.5407526076043842	0.5363316969840374	0.5217462678122808	0.5708336723821917	0.6158914652162412	0.32910231290397285	0.21665377756323656	0.18465319436426494	0.11464245605541751	0.14828087645590182	0.24676218976897696	0.2415410734170988	0.20204361724580186	0.1574877565613999	0.3002380870728244	0.2093845455810508	0.34793835397097345	0.2135904739288934	0.26223945425558604	0.33594020974666583	0.08561886136711569	0.3719730066298814	0.5174931136492604	0.4145242013227015	0.4199034015764169	0.3870232892409557	0.4238652195617346	0.40118484573966307	0.4137647341962458	0.4347216077755111	0.4205256783374054	0.3982954292409504	0.4110988356153088	0.4555390657497562	0.19588367240670496	0.09820786752244536	0.06748372857968946	0.11320546323511568	0.17950580063185387	0.1448891632258496	0.46694158560731536	0.14488916893029719	0.17950580063185387	0.19588367240670496	0.0982078613487326	0.19588367240670496	0.18643084084756248	0.21740427284777297	0.21740427052301106	0.2071856498634681	0.47751723966015097	0.20398310225121719
G1-154	0.2762985274743739	0.5806279972900793	0.5749699900733295	0.18013113151115556	0.4159020324665157	0.33817629062869936	0.4303402616704535	0.38989862987579854	0.3685593586448799	0.2813923148173436	0.4417402538552605	0.4344275145932326	0.384621095045282	0.10024907979254084	0.0	0.08282204227837343	0.0025093980252685133	0.1783271421148374	0.12788256306725518	0.4051347783133551	0.42162823495961255	0.1247423564644797	0.37620017567826725	0.23579027704032696	0.0612097386039904	0.4838316138883518	0.4892609993925327	0.4884528609543259	0.3326252713969098	0.5205261479963212	0.4812489655655747	0.4939191968894937	0.4846555220966144	0.08992363209467158	0.5396762003350362	0.5207552537565074	0.5111559987613784	0.5380794749396336	0.5991522378161235	0.5390124803838019	0.5596696626488697	0.5553258448526104	0.5409801950282653	0.5891717820044217	0.6331857259363507	0.3528034597398957	0.23991081723545643	0.20496158132926098	0.13389366389933366	0.05887139928055904	0.16769081877378417	0.2647392810863243	0.22487901332173985	0.17833413944526463	0.32514516458189613	0.30654358003671645	0.3720111458845866	0.23535809153275875	0.33845152530964606	0.35814716714816713	0.18019400802967772	0.3926561745580673	0.5637844445904665	0.47271850290123435	0.47756302895915337	0.44596551171109255	0.48113105572174636	0.45876533031826305	0.47000768422743117	0.3961246580510726	0.43793267812705766	0.4157708300374608	0.42854039659931603	0.41976525443436463	0.12065793833433665	0.0025094055788193103	0.08051468765130221	0.13254556926960498	0.09265264881514003	0.1655392623701264	0.4315931152563517	0.1655392681669773	0.09265264881514003	0.12065793833433665	0.0025093980252685133	0.12065793833433665	0.20225136664240648	0.14233965676291785	0.14233965397780363	0.13008261821207767	0.494541698734637	0.1262350774214452
G1-155	0.19417642887058648	0.5436273286395344	0.5326398085799614	0.10354849906098867	0.3617359577750734	0.27665539850914683	0.3818875367952358	0.42229275840470804	0.32016447666491676	0.22652434242171673	0.397170444926915	0.38632243328142263	0.41755095615004545	0.06541770181200528	0.08282204227837343	0.0	0.08070089323070687	0.09942826344845604	0.04541827631506408	0.3379041453865	0.3670975416709044	0.04284729048493987	0.3176638441644415	0.1543299080251288	0.13390042148419384	0.4424267867735697	0.44856459343059124	0.44109965874540624	0.27281873975553134	0.4778137915457012	0.4431947301600774	0.45076592479861	0.44683682127066293	0.007760638029904572	0.4990624057247547	0.4842233526969069	0.46802590234397895	0.5028002281044219	0.5541246077015151	0.49310116843926904	0.5158156696088837	0.5110392362527926	0.49526485446476903	0.5482560051788037	0.5966534471964301	0.28406644592958036	0.15890003430345	0.12996289882100745	0.05201283009841686	0.1319105625705935	0.23228471821420596	0.1873687817807947	0.14321320884540958	0.09719005787829006	0.260880122711377	0.22792793572171433	0.30410648618728703	0.15912705101473643	0.2767955495437268	0.29439981825816963	0.10361739618200841	0.3362940784881424	0.5266818886778325	0.4260757020956901	0.4378271402186818	0.40548284426840736	0.4352324210354995	0.41916128403249614	0.44675608395849575	0.42789212254390935	0.3901257304429552	0.36607889407709293	0.37993458320258877	0.44920615363308475	0.1819929905909121	0.08070089964645351	0.0023073546270712245	0.05002935634286148	0.16361386551949195	0.08309917759408174	0.46027906584794903	0.08309918397832611	0.16361386551949195	0.1819929905909121	0.08070089323070687	0.1819929905909121	0.13439841434319422	0.20425323548761468	0.2042532330840639	0.1936859729358671	0.45154966268356944	0.1903732059209988
G1-156	0.2746299598922418	0.5817196297587266	0.5762188594102142	0.17837309451874106	0.4150102829389944	0.3370311880821562	0.4317697646928927	0.3914296170492019	0.3675547052964619	0.2800875681185927	0.4432760988683397	0.4358467610712585	0.3861653256541673	0.0982078613487326	0.0025093980252685133	0.08070089323070687	0.0	0.1765120395997382	0.1258718073367194	0.4040078823419705	0.42073914024011627	0.1227384660875656	0.37517212419812873	0.23404449667792318	0.05887937824862053	0.4852516601073266	0.49065585607487333	0.48984992470779176	0.3315029169978911	0.5217862926589569	0.4825539932227664	0.49519234990701594	0.4859519798422421	0.08783524083955795	0.5408744310289266	0.522002735996732	0.512428468025915	0.5392818619369346	0.5986408653431247	0.5403670039809345	0.560963489069533	0.5566324347504966	0.5423289368725198	0.5903789220938241	0.6342635394754199	0.3515518037624224	0.23818383352686187	0.20329088653848248	0.1319105625705935	0.05652940106121847	0.16561961764475408	0.26314266628178984	0.22310438444803532	0.17646740060675695	0.32371288260115416	0.3050117118729965	0.37081069496527747	0.23372347700937482	0.3373043768032728	0.3569957809450729	0.17843624096702154	0.3916919745572775	0.5648790830438025	0.4740946076486611	0.47892649041197566	0.44735930233946847	0.4824852053011311	0.46012692030282226	0.47133764589803834	0.39764002164166756	0.4393431287546336	0.4172368935628691	0.4299744161996104	0.42122129435907923	0.11870837103558231	7.591603702436871e-09	0.08282204227837343	0.13054404426827168	0.09037575315541378	0.16361386551949195	0.4307004107537923	0.16361387134312447	0.09037575315541378	0.11870837103558231	0.0	0.11870837103558231	0.20425323548761468	0.1444918679345881	0.14449186515646284	0.13226558717208306	0.4958100947976879	0.12842770139271273
G1-157	0.1802257440095406	0.5484631160401062	0.571986428067719	0.11304741409667403	0.368499084808227	0.28432005019756124	0.43075316786811557	0.4708679638879147	0.3759361402027343	0.2899811594677039	0.35528313549197754	0.3926095015135034	0.4666422653689734	0.0808848733077925	0.1783271421148374	0.09942826344845604	0.1765120395997382	0.0	0.12030654881348302	0.3280545747885731	0.32050956120179674	0.13399264175656583	0.36517180324222137	0.22496252557358257	0.20520654168447172	0.40504580729494677	0.41806431016833684	0.4102391473721513	0.3370140617506055	0.4508310419524168	0.44693418948793784	0.4909133937299236	0.45055649529881503	0.10610632868931623	0.5043704093981328	0.5244967342673837	0.5096207362232547	0.508107235321159	0.5491158131881831	0.5392477838799207	0.5569476246488435	0.5551317269069024	0.5386115293744241	0.5881829205605068	0.6294367660967386	0.340527785643145	0.22901358415124445	0.19584952439595885	0.1261829635767852	0.20344084110218433	0.3004985920981846	0.26828754860772686	0.23018294594329497	0.09982031336884674	0.2639173667818917	0.13592196097127093	0.34041236006501513	0.14576774548291396	0.2814971391023482	0.28462421918940894	0.11311558117474578	0.3917373897151629	0.531530987426003	0.43288210657386283	0.44453794372745553	0.41235700872915354	0.4419261974997541	0.42587125310914525	0.45256598802028797	0.47586028215018905	0.4381424695760016	0.41658805311703245	0.42900221875766675	0.49488736155217666	0.2636105515842653	0.1765120329335893	0.10141327124777766	0.05849203035824711	0.17217951582339153	0.09159183287609392	0.46597821616459556	0.09159182590692971	0.17217951582339153	0.2636105515842653	0.1765120395997382	0.2636105515842653	0.21116442762079285	0.2784647608486169	0.2784647637586588	0.27372074015528114	0.4958781868238333	0.27085521507096966
G1-158	0.15533716346927046	0.5393765557333595	0.5275653501434494	0.08111508524431149	0.35168402393097986	0.2630659777162271	0.4062465640854246	0.4470580481385439	0.3471457215340679	0.2572936318927243	0.3912416208654772	0.41050668692343917	0.4425195185867987	0.10874153887801917	0.12788256306725518	0.04541827631506408	0.1258718073367194	0.12030654881348302	0.0	0.31142395724632277	0.39329238540596034	0.01678390265431921	0.2941024831751531	0.11411763606087418	0.0927932926677131	0.4377990349022034	0.44413297561056364	0.43650360350321954	0.30526509636282984	0.5017968424252032	0.4653447543674341	0.4724607155264153	0.4688419580651342	0.0528038944839813	0.49361058352948106	0.4782961180380761	0.46165348584347254	0.49741474774115957	0.5416882133734041	0.4895798838128354	0.510237214134177	0.5079547414137388	0.4890398676918683	0.5460035096817595	0.5932893072277163	0.2550293141703344	0.11911359326283627	0.09212334377305009	0.0072116502691802545	0.09061747432528192	0.19539878546332048	0.16733411507022983	0.12055493485855377	0.07316270879255293	0.2437334512865941	0.19221177393484667	0.27614700571170214	0.1217982623053692	0.2631789886387317	0.2678902550947811	0.08118794551647143	0.325239762000968	0.5453347541917631	0.4212761269284331	0.43330365696180373	0.4320262009786145	0.43067491379850115	0.445070425882355	0.4691048465963101	0.4524173774089192	0.41416010096557787	0.39106092349549887	0.40437057737051507	0.47281771675745204	0.22192400842440205	0.12587180037915655	0.04761409917866047	0.09519016132953304	0.14734779968252054	0.06434276840228306	0.4557534518616441	0.06434276122406832	0.14734779968252054	0.22192400842440205	0.1258718073367194	0.22192400842440205	0.1685106744034066	0.23836549533683077	0.23836549835732782	0.2330162796139366	0.475733703350805	0.22987360669831222
G1-159	0.21158533314679628	0.6477123868221804	0.5806942542807418	0.3576494091312363	0.40537936722102336	0.32950654863117257	0.5579721127905187	0.5960971699494791	0.4018408012827393	0.46241611014608575	0.5151732952143846	0.560769777097638	0.5931838684736537	0.3801832550949943	0.4051347783133551	0.3379041453865	0.4040078823419705	0.3280545747885731	0.31142395724632277	0.0	0.39576335661434175	0.3208746249604062	0.3559408427360478	0.25305142981665846	0.38476583078576254	0.5487039895491368	0.5575724761043247	0.5512968000049	0.4935440257829149	0.5504901275268377	0.5967420447876339	0.6006893644335921	0.599096538867013	0.34211892685320183	0.6163144221630099	0.6067792957650346	0.5947343606984811	0.6197059186949238	0.5587686020514322	0.5493604793209244	0.5662714573307657	0.5645663305630855	0.5487142821709416	0.5029025903109955	0.6359817248570315	0.3609750728374798	0.25681488542495673	0.31712940144464113	0.3154774960612047	0.38356133717498886	0.3259041931821477	0.2933746816532803	0.2579014941926899	0.29734304195357797	0.28951412144920724	0.2438059952583123	0.3608666944617165	0.3290339032999717	0.4647891891040347	0.27522613793671824	0.35769156279737513	0.505665974595205	0.5755129198836744	0.5668197680989121	0.5757322205747979	0.5748851444509815	0.5730543061083648	0.5835552552709902	0.60277637108037	0.5995447671383599	0.5631728091171554	0.5480381816336866	0.5567416442264811	0.612742083539044	0.45889239890263533	0.4040078766253674	0.33915602964659103	0.31226104511242336	0.3629589289281736	0.29230229749915587	0.5702533636463053	0.29230229138882174	0.3629589289281736	0.45889239890263533	0.4040078823419705	0.45889239890263533	0.4090546910803062	0.4678311758385369	0.4678311783800107	0.4653722188140242	0.6045766312500145	0.46353330653571767
G1-161	0.4429712315133226	0.5841039757542041	0.6512353215897566	0.3686548241178293	0.4034531763770185	0.3395091467105902	0.5476325748692544	0.5804962314438634	0.4097651800559241	0.4611463130019879	0.5017886689678258	0.5162683177914746	0.5746487794500598	0.3541934373353099	0.42162823495961255	0.3670975416709044	0.42073914024011627	0.32050956120179674	0.39329238540596034	0.39576335661434175	0.0	0.3823929013192079	0.4148931328466494	0.46160471499646305	0.4479204802391625	0.5333739227341866	0.5396952203371383	0.5341557598211041	0.4934252060047305	0.5566450244921253	0.5560034942770153	0.5831488319967643	0.5537728573471702	0.37037086316341855	0.5662782094350224	0.6126382324404873	0.602348466557305	0.5984410132851016	0.6311744006255195	0.6303339589970146	0.6414305545476299	0.6405143078166545	0.6296546001270928	0.5893908408409246	0.6810305263543842	0.5198821590420781	0.4635571075612145	0.3921603911221429	0.39359437165447797	0.44707151513145976	0.5142539364173655	0.47604960102981475	0.44978192472651474	0.36551874679024526	0.46815536582848005	0.4128672344300938	0.5218720022008544	0.40551300685200287	0.4600376802260657	0.3586499545345437	0.3636646465821819	0.5100875068408053	0.5032305050859475	0.5482308143607236	0.5562211545488983	0.5328846042202647	0.5539198453590035	0.5413648701715001	0.5565494696715106	0.5804241007974774	0.5490599736404427	0.535521973330166	0.5432924381454499	0.5924838507863303	0.46479110014731084	0.42073913926423573	0.3680689696971133	0.34735047311187234	0.42538538573881796	0.370070125911663	0.39687913267790875	0.370070125026525	0.42538538573881796	0.46479110014731084	0.42073914024011627	0.46479110014731084	0.42114401241760785	0.46992692234716976	0.46992692445652506	0.4679045237390306	0.5480242989727682	0.4685875179941523
G1-162	0.16951390284813567	0.5364686540351418	0.5242782921540633	0.07410542120051404	0.3406170047149234	0.25048621191829384	0.4007662526501624	0.44136617976434095	0.3359190215868259	0.24449075396723163	0.3853112301396367	0.40044379478239733	0.4321302812988659	0.10585331274061105	0.1247423564644797	0.04284729048493987	0.1227384660875656	0.13399264175656583	0.01678390265431921	0.3208746249604062	0.3823929013192079	0.0	0.2996042429021722	0.12437467322744027	0.10335475132874106	0.43447060542385246	0.4386011592132722	0.43096106878182777	0.302066000683263	0.4967280487807305	0.46223093997063747	0.4634336708771451	0.4596857806703589	0.05020144168512622	0.4905845491570257	0.47521494406456477	0.4585631944820707	0.49437518481435044	0.545894304427186	0.486176171888132	0.5068995363443844	0.504598802853408	0.4856469694706834	0.5427641805007414	0.5902390825345516	0.261978963506377	0.1292426821382896	0.10182496940407111	0.0190227091642262	0.10123503573962536	0.20451697639265032	0.16400586346658164	0.10377103257486993	0.056512103518965066	0.22831585105388194	0.20518723972894665	0.28617408208947537	0.13543833890165574	0.26001707963976045	0.2773942061751545	0.06550344654748963	0.3137213283381336	0.5375734325722569	0.415861340926124	0.42792810570444895	0.4266421597813431	0.4253215127449685	0.43977384158412236	0.45980568898733387	0.44221259719092854	0.40415957410553016	0.3806660841318432	0.3942029392773814	0.46299311840296564	0.2185347533524568	0.12273846566356982	0.0450336728004626	0.09227794662185934	0.14396096461108954	0.061554390727464776	0.4521629747180997	0.06155439050813231	0.14396096461108954	0.2185347533524568	0.1227384660875656	0.2185347533524568	0.16181017549268872	0.23138139018070555	0.23138139318893958	0.22598070886336755	0.4706988924291597	0.22646977579869054
