	G1-110	G1-111	G1-112	G1-114	G1-115	G1-116	G1-117	G1-118	G1-119	G1-120	G1-122	G1-123	G1-124	G1-153	G1-154	G1-155	G1-156	G1-157	G1-158	G1-159	G1-161	G1-162	G1-163	G1-165	G1-166	G1-167	G1-168	G1-169	G1-17	G1-170	G1-171	G1-173	G1-174	G1-18	G1-183	G1-184	G1-185	G1-186	G1-19	G2-225	G2-226	G2-227	G2-228	G2-229	G2-230	G2-310	G2-311	G2-312	G2-37	G2-38	G2-39	G2-41	G2-410	G2-411	G2-412	G3-42	G3-43	G3-44	G3-45	G3-46	G3-47	G3-48	G3-49	G3-51	G3-52	G3-53	G3-54	G3-56	G3-61	G3-62	G3-63	G3-64	G3-65	G3-66	G3-710	G3-711	G3-712	G3-713	G3-714	G3-715	G3-716	G3-717	G3-718	G3-77	G3-78	G3-79	G3-81	G3-82	G3-83	G3-84	G3-85	G3-86
G1-110	0.0	0.18174381621851368	0.22583092881875147	0.050216845580242836	0.09401641905897447	0.014223502098284232	0.3032896016894804	0.2950204443628818	0.2945777946564191	0.25028986652313884	0.2611622687440175	0.15007185563735226	0.16481536898374574	0.27343902287352817	0.26706250183127234	0.267628794762329	0.264445483179482	0.06771459482803655	0.07273364919531511	0.01973191683463134	0.1047675967433502	0.09453558377570831	0.15247717526506105	0.20760356555608495	0.16475215127744938	0.2720638470310677	0.26235394699007597	0.28762480507133814	0.29061964409545	0.2779199839777692	0.24078661426059383	0.24204580388431218	0.23436627240999838	0.2647788758855092	0.21032820064797858	0.21246775561906867	0.21280554278101524	0.24233050266602993	0.057271938665422954	0.1766217151555036	0.16355038030570482	0.14364790521421514	0.15230321063279884	0.20781757884812102	0.18230888055990263	0.03739588731094077	0.046490993420489374	0.05889168862806747	0.09128742362029375	0.07354981016346476	0.06396707935444407	0.02403523799895534	0.06253687545721533	0.03666651798287395	0.03932321344476043	0.025309423263167034	0.03438678809246632	0.02421205353463652	0.10138833801719545	0.08126280897754348	0.08182891098376957	0.0773152527297927	0.1625999540074745	0.23409931216936947	0.22377494225919925	0.2848939294176315	0.24593557634878976	0.2583695820936256	0.22375953293327394	0.21295677287112294	0.20210115246337565	0.20594841681145026	0.2251059724881007	0.20228188260572327	0.28035816749790193	0.29194243967878447	0.26051525777069223	0.2606826738657623	0.19705772983694905	0.301538598536537	0.22524117612025513	0.28524104592376737	0.18918385767998958	0.30669953044247256	0.28219052299046254	0.2933850249504708	0.16973821015714952	0.13647539609245413	0.19527394475244284	0.1280329053193233	0.2235517148351921	0.15529875982359964
G1-111	0.18174381621851368	0.0	0.058919305300280285	0.17024406036231785	0.24153076952831312	0.18033841604114112	0.28527021319579576	0.2812305655924738	0.3195724203912304	0.20042566136413398	0.26610230562456605	0.26439736898631894	0.2922932691759644	0.30709150103963173	0.30081670657065274	0.30767930156824586	0.29810986729307826	0.17226409692271602	0.23113820128409157	0.18782425467006997	0.16747332725524272	0.16880155240811626	0.20643336323133227	0.2420497117073994	0.2163594514693227	0.2649932625014199	0.22687988862769787	0.27660646922977306	0.3236922260512698	0.2530323302641097	0.18801871413034904	0.20947732867927318	0.1978330669026208	0.3003135105542921	0.06125480875120814	0.16998619487831032	0.07958204471084619	0.1169758962008723	0.17875771350078873	0.10610659996223827	0.13237762284025012	0.07290139646263759	0.10362298192641789	0.13676664614993145	0.08846759778569803	0.17372812934670154	0.19041341286814678	0.17110072283120167	0.19666050272715496	0.17094762996722968	0.19741395557222235	0.18915255595002123	0.22146946511878857	0.20020413330317074	0.20270345213658292	0.1902252670023339	0.1987061645865946	0.188695304368328	0.2427469972660513	0.23449155909204586	0.2318490172975132	0.2319722637430166	0.19974684876140136	0.19730693995351659	0.18875610864663941	0.2712873833283691	0.19598156426507835	0.21197157117418328	0.25046035146880363	0.18430510287816604	0.22229375302135188	0.2188990672298351	0.2625601818740996	0.19779300062160915	0.31299663411472545	0.325316165558839	0.2943409005006957	0.2969469424188848	0.24161851708376317	0.33711745457241704	0.26276246046395096	0.3203402093934621	0.23446817652943128	0.34027788485266175	0.31686739497703525	0.32662142858787846	0.2877997977213579	0.22739234882951323	0.3033816728023287	0.22664897030005546	0.2951852476807159	0.2384283317114203
G1-112	0.22583092881875147	0.058919305300280285	0.0	0.2127924343139488	0.26723267156689257	0.22535193838094833	0.2701841987777563	0.26764672894591274	0.3198355416392709	0.2199689146803045	0.2692776960355304	0.28751587411762225	0.3152672863063459	0.3173341792665965	0.3185481022170167	0.32938622677016655	0.3158583004226374	0.21662846123571697	0.25606416756979195	0.2269727339251852	0.21185613362108643	0.21364582963198858	0.23895353752063447	0.2498192361113939	0.24886674537189962	0.2652363741150813	0.22478204554774764	0.276740967128692	0.32859673447413396	0.2510429556648008	0.19893419103697024	0.22854570996603596	0.2175981442082553	0.3009394600967431	0.054701119838753434	0.16917964675844102	0.09747746546173985	0.09029705357276084	0.2229894645305825	0.10140005848441352	0.1631796906625827	0.10028159888839737	0.13752972463597238	0.10868136249701414	0.13115086044675264	0.21574147432657462	0.22366345426114598	0.2134498629584952	0.2296899280685646	0.21329677009452316	0.2303637147028568	0.22590024348732227	0.24690716390997708	0.23306655066690468	0.23424840409844186	0.22685674077353635	0.22751615956003363	0.22592105706247853	0.2679237622935187	0.25945616746443945	0.2576154906391007	0.25760057835555955	0.19475382250322462	0.21860870715132452	0.20488901803516216	0.2715701158034024	0.18575035961448416	0.20656680668747976	0.2720955786118041	0.20442522281437073	0.24331478862156208	0.24036192909294052	0.2840075360642051	0.21699054010334348	0.31142660074152095	0.3237546509495963	0.2998758605391139	0.2971760131821189	0.24238511867542464	0.337350760226463	0.2639214164994587	0.3205950413902105	0.23552543624600814	0.3400154749765849	0.32169830723860054	0.3250599139786357	0.3096804164425487	0.24999362706268152	0.32506736492450466	0.2499516201736567	0.31912710285988644	0.2612005853501486
G1-114	0.050216845580242836	0.17024406036231785	0.2127924343139488	0.0	0.13377433621356472	0.05025848217333448	0.269091140039095	0.26077130929015074	0.2734863054828836	0.22766966621927173	0.2381550578526338	0.16371240574941084	0.17862397894039678	0.23942381658072745	0.24083538134589325	0.23964990386322518	0.23322581701498743	0.05182959446997645	0.11799706081446797	0.064475836809616	0.08806492782736139	0.07849686087210096	0.11850730074723989	0.1746735667467556	0.13149580856382614	0.24922415534970854	0.23956517859852802	0.2646462197078652	0.26503983833215283	0.25492030612609073	0.2077927337502771	0.2069686224463855	0.19951007589086625	0.24424500925112527	0.1845826304087599	0.20236395738268848	0.1768064983959027	0.22120406067885162	0.04688046352088733	0.14893070391897223	0.13891541194250123	0.1174281493664796	0.14179443882658935	0.18413027426245845	0.15998166314987947	0.019854058466048145	0.053354719314665885	0.027333898718567756	0.06338842030277424	0.05175456719910412	0.06454351862349661	0.06654263845828097	0.1088163350794209	0.08215768837217233	0.08564515609348473	0.06664049093270769	0.07802397020815277	0.06324281205245631	0.13610407732682883	0.12172701060847585	0.11681322975830975	0.12086622884559634	0.1538847545780654	0.2075559482335892	0.19919393963985485	0.26093011456816984	0.22024195201591634	0.232019428221504	0.19554561020298833	0.17884415588658592	0.1677896221179774	0.17406410337045622	0.20011421776510555	0.1680240684367364	0.25253093961851825	0.26378837179581627	0.23568955363546232	0.24002754190952028	0.1762120279283516	0.281188852644933	0.2045182861027141	0.2646221337435611	0.16840167924219854	0.2840977343825074	0.26113112522557136	0.26391712919970095	0.17031615834387198	0.10409938235279606	0.1798486499444255	0.10076256960163546	0.2019772130086966	0.12616075450660622
G1-115	0.09401641905897447	0.24153076952831312	0.26723267156689257	0.13377433621356472	0.0	0.08648087604477543	0.31454451192489696	0.3051243349180684	0.30443676683170817	0.25929672251792174	0.26928390582091144	0.1046924310460262	0.08164930283122777	0.284393038122467	0.2781139105867139	0.27859471584374457	0.27541140426089744	0.15620819861588844	0.0239714892409241	0.07522587739011256	0.18808656978736124	0.17742691942511118	0.1994129831141613	0.2547304938732977	0.2122958475919106	0.28078243074045484	0.27129813544796005	0.2962651616846964	0.30129111679521353	0.28602170596826065	0.2500411959242903	0.25053220779338803	0.24273881053693716	0.2757639953394442	0.2562099764138708	0.22242640714586862	0.2750805045750193	0.28323756255812144	0.14911617940008826	0.22041935393475193	0.2049837337315511	0.2073522270097662	0.2094114248300793	0.23333182173680464	0.24964976134135522	0.12607839586217445	0.10297289550084984	0.14698758884811652	0.14027241334594592	0.16152237995493782	0.1135135605095894	0.07086040732822123	0.03713790635090395	0.058525094832444925	0.05785035404734252	0.06922027757651107	0.060370581530186596	0.07218706811988401	0.029955520786799115	0.013543927294447311	0.019067147163288018	0.019897127805079354	0.165739403726394	0.2407239998993423	0.2306433336302432	0.29278531711700834	0.2550377517914258	0.2663881230614205	0.23321828985206	0.23430995849319422	0.2120737769393238	0.2158765448888874	0.23489002110356802	0.22828620761296844	0.2911582408646888	0.30261770262250487	0.27127600835648996	0.2719626531251537	0.21124627407850358	0.31293826056640195	0.23570441181245408	0.2959564918759788	0.2077257185429644	0.31777380883310996	0.29308805391732157	0.3041173525683268	0.1800808311093731	0.15364270291436513	0.20599912799940037	0.1434627168006819	0.23394883146201845	0.1655181614548074
G1-116	0.014223502098284232	0.18033841604114112	0.22535193838094833	0.05025848217333448	0.08648087604477543	0.0	0.3022212158594409	0.29399486454795565	0.29262932352518556	0.24725843528414124	0.2573124422842987	0.14366350375501347	0.15777778503153625	0.2728723295574835	0.26659320202173015	0.26707400727876074	0.2638906956959137	0.07199016400399659	0.08271588967599705	0.028845833792720633	0.10405852863493387	0.09370384885157677	0.15530685081284173	0.21072814352641556	0.1682934972450284	0.2689857847825287	0.25900798279216625	0.2844798302403546	0.29006901655169737	0.27422776356691453	0.23672001664754183	0.2383983594443152	0.2300828201690082	0.2641556982537743	0.20713947430612162	0.20969801622985507	0.21125589695454627	0.24188316747910904	0.06689450874679485	0.17641256151276122	0.1610455985531787	0.14321103980522143	0.1497255749233318	0.20617954481753717	0.18251284296109424	0.04315250683370443	0.05203086453047758	0.06421056572505608	0.0962700629990637	0.07875396753329035	0.06950695079670065	0.03171359894351439	0.06147992831367405	0.034793131337998516	0.038246818737198575	0.031451501639436164	0.042746721473135754	0.02839217415019561	0.1048502238410868	0.08706643171075619	0.07283734926007823	0.07405031634477628	0.1515288466976718	0.22862529866568213	0.21780510001357295	0.28114676744428596	0.2409573915550921	0.2537162505851887	0.22214467123621848	0.2109860078462366	0.20059820862745564	0.20480292627304586	0.223810772440431	0.20080277787566336	0.27948866594701127	0.29109699405752115	0.25975529979150624	0.2602667675187975	0.1959921170216994	0.3012423749600456	0.22400852620609793	0.28426060626962263	0.18782758670787578	0.3060587133769031	0.28156734535233785	0.29240225711211976	0.16838557936341522	0.13519757195545845	0.19430818173194467	0.125943010239928	0.22239791726007277	0.15378600011454463
G1-117	0.3032896016894804	0.28527021319579576	0.2701841987777563	0.269091140039095	0.31454451192489696	0.3022212158594409	0.0	0.04485238913267692	0.147651715457314	0.12581416165614473	0.1359356606653868	0.2500253828141126	0.2502798411797254	0.12763448096053484	0.14273416908467149	0.1466040145634482	0.1335210403081122	0.2954423651309612	0.30975532752290097	0.30447310323940385	0.29430615383866265	0.29486184366077184	0.26642853790508236	0.2598128903801588	0.2655913500637898	0.13309333780758087	0.10168913591168738	0.13555804403351523	0.14831388937159443	0.12563786641846766	0.14164692318950722	0.10738133190196723	0.13347723986599738	0.1401153956006873	0.25596085139247476	0.2568832120256212	0.26274549538371833	0.2487539994175042	0.30259889838999815	0.2590231325561279	0.24926774775255547	0.26699749176477705	0.2867438702792595	0.26211749492190617	0.29868494088079933	0.28534677235633077	0.2802390717386887	0.2807132396592997	0.2743736654396348	0.2912829247958863	0.2784048590371625	0.30281551906920073	0.31383455293775825	0.30972551515125707	0.3110168048514328	0.302672137019125	0.30462784791907754	0.30061260137879053	0.30064028160688483	0.30771054885019017	0.3069653369662779	0.31334722968452566	0.2499755422026001	0.12306330439381374	0.14006524259548722	0.13342178685833259	0.1525869756470685	0.11369634066822584	0.13370174166341992	0.1473058480147332	0.15711022273076708	0.14478056786698704	0.13983368714372701	0.1573905495221546	0.13300934299367081	0.1383390160952615	0.13469438431594669	0.1422725141555519	0.13599617461508456	0.15805770884637588	0.13638746530934218	0.1472701722649537	0.1364855727219797	0.15501060886860873	0.14939568916988957	0.13729868462955305	0.16568921583451499	0.18816584067571915	0.14396454540871279	0.1970471594916941	0.1548392536863481	0.16805399123322887
G1-118	0.2950204443628818	0.2812305655924738	0.26764672894591274	0.26077130929015074	0.3051243349180684	0.29399486454795565	0.04485238913267692	0.0	0.11441338369170542	0.11013625053289867	0.10264472113035196	0.2342230836795168	0.24002293360755345	0.09329105545095426	0.10869979539441359	0.11206947564778258	0.09948666663063391	0.2871732078043627	0.30059008557763434	0.2962039459128055	0.2860317811943753	0.28659608197348874	0.2523835516318431	0.24546419387825286	0.2513247580082101	0.09831681702231304	0.0766326381822377	0.10202335842365354	0.11257714038068475	0.0925753291698301	0.13818145273380003	0.09891436752443648	0.12689334778656391	0.10623783573430426	0.24877192541559429	0.27903131765601163	0.24940680394934334	0.2708743811794752	0.29432974106339965	0.2487843966264779	0.23522288854171622	0.2612055822172187	0.28195447833316073	0.25361276734608823	0.2905107209414615	0.27709470000070113	0.2661330036692789	0.2723425901153695	0.2602675973702251	0.28286599153411995	0.26415101506453376	0.29456345927485167	0.30537408942860306	0.301499163839772	0.30277757292319035	0.29440297969252643	0.29635869059247893	0.29234344405219215	0.29121670896074087	0.2983031218728508	0.2978832652081364	0.30436203193921335	0.24588342411154976	0.11414552489355567	0.1339167121184653	0.10023599468307436	0.1486584548617732	0.11129238212670713	0.10831124684589392	0.1325047055968671	0.14158006826155486	0.13480558612618523	0.11330985548502917	0.14260368074778523	0.09897496932258226	0.10381272057907118	0.10084874115844965	0.10583529517577682	0.09968624959545876	0.12447527257251909	0.10007754028971637	0.1137671205885877	0.10736752285801315	0.12093019418600774	0.11536583444954428	0.10169338784725396	0.1557270135989594	0.17846294522460218	0.1325991948786586	0.18728047529488165	0.1209936105288509	0.15793116302054594
G1-119	0.2945777946564191	0.3195724203912304	0.3198355416392709	0.2734863054828836	0.30443676683170817	0.29262932352518556	0.147651715457314	0.11441338369170542	0.0	0.12687127392779354	0.07306561598912012	0.2588165358367294	0.2549944075054245	0.046895160285252056	0.041923215365949965	0.05043144905622503	0.05015254542134463	0.2864932335464173	0.3002823311576332	0.29519892279584453	0.2846445465186357	0.28539873162612217	0.2727606476870262	0.2701408048760393	0.27384607859612137	0.07356129220666562	0.11507700903303786	0.06520355545604592	0.021579090631588485	0.08337451456388892	0.200059203587719	0.15535821112181736	0.1807353332311685	0.03242468017899066	0.3032327925913638	0.33461085684508407	0.31725847927668355	0.3381525829109132	0.2936185004773044	0.286161570014096	0.2939368639311953	0.29387734474035787	0.33371652840368093	0.28724674855514887	0.3191078366876785	0.2884509868621571	0.28843342988922144	0.2863921300052137	0.2824331282270285	0.28694892537075073	0.2865863364942607	0.2939641954142992	0.30470052227919614	0.300690701403903	0.3019597864336416	0.2939921961608588	0.295709000936358	0.2913888699093736	0.29102316905924175	0.2974011266740949	0.29714912088029566	0.3040272931766563	0.2797004226587337	0.14014079513136993	0.16206155169991038	0.06138567996739572	0.1780540392745159	0.14057209640260282	0.12485491866865936	0.19650952905692157	0.1782118781308457	0.15378122537809646	0.12567305818668556	0.19633196667757769	0.024472067758998812	0.016500091695805182	0.04246312852874546	0.04441007641492316	0.1001621843051159	0.01986281732402971	0.0720155889373146	0.014238147125801012	0.10690114482161732	0.023379518607075007	0.01737765961920409	0.017830151369257426	0.160281485678081	0.191260505023053	0.14047394983756725	0.1963077549910541	0.09169841790109166	0.16701710111785883
G1-120	0.25028986652313884	0.20042566136413398	0.2199689146803045	0.22766966621927173	0.25929672251792174	0.24725843528414124	0.12581416165614473	0.11013625053289867	0.12687127392779354	0.0	0.07845705803416514	0.2292653010792117	0.2236509322095199	0.10967390216982795	0.10274284558732336	0.11354581898951435	0.10002267559224934	0.24210167645482492	0.2559986379239352	0.250665196047583	0.23932623435944458	0.2406343109669719	0.23443399121383648	0.26628073032489386	0.24448903876577113	0.0845893537511341	0.05445712204554809	0.09723276907624039	0.1276832104411745	0.07647611581188721	0.09847142912064659	0.06797662320112886	0.08181081273289355	0.10561886554757323	0.20280277835733812	0.23874758523336886	0.2464708675192861	0.25129269798826537	0.2493293726507332	0.20012651873820278	0.20725847279338597	0.19258913220652304	0.2603724030181378	0.211779403202675	0.25030981924822693	0.24383951371430773	0.2437702500616921	0.2418989687518865	0.23788628838085546	0.24222974364820699	0.24201364332741715	0.24917918076068568	0.26050274082115116	0.2564886850462759	0.25775777007601447	0.24970426802757872	0.25080125255465163	0.2469648467963406	0.24047585392918427	0.2530028950589405	0.25138948293667096	0.2594127436130908	0.18764933429416145	0.05273542708906722	0.06807910744141654	0.0914748845525784	0.08982161462002737	0.0633428148525456	0.08867210532611552	0.13449701364699967	0.12764385423744487	0.10686833324400186	0.09546518190641268	0.1366166721031324	0.12011191340033268	0.1331204426560187	0.09901332206235693	0.10828157053997188	0.10104685765623671	0.14552604026542595	0.09936178780170446	0.1286474608837295	0.09780698238190252	0.14924326370548652	0.12079707688482282	0.13419079852476545	0.115772897949808	0.13985154264788643	0.11177456684409338	0.14495050948205754	0.10133322594127303	0.11598059266217661
G1-122	0.2611622687440175	0.26610230562456605	0.2692776960355304	0.2381550578526338	0.26928390582091144	0.2573124422842987	0.1359356606653868	0.10264472113035196	0.07306561598912012	0.07845705803416514	0.0	0.2388057525555262	0.23384387942568657	0.06433418576332689	0.06563263933585968	0.0764794098706871	0.06293860280416436	0.252874182741461	0.26695439376591756	0.2615375982684615	0.24916450176280003	0.25082931403732406	0.24263561169679967	0.25575583645364736	0.2510465939307227	0.026597144230001778	0.05871290635814726	0.029408928959287005	0.07603279177429266	0.030675587020520617	0.15663327452107584	0.11726175027765276	0.13734927562299126	0.046386695611847474	0.25083106629791385	0.2962575645045662	0.285618683662227	0.29727744052338445	0.26021493412276786	0.23245029490875893	0.2542309744919853	0.2401660694305479	0.300620327290621	0.23306725691425695	0.28479673826252805	0.25549271831364545	0.25507152822571877	0.2531959380291345	0.24921167959662213	0.2536167512659829	0.2532330523487238	0.2606350583292928	0.27068482745599676	0.2665874180600175	0.26785650308975595	0.26049637426142436	0.2617967566354788	0.25783724901721916	0.2520108956070505	0.26397949464922554	0.26191109932407525	0.2700115983534565	0.21168542094033613	0.07638471343806746	0.09909329232326301	0.02717615157595434	0.10900134943817597	0.07738013078345478	0.09980869427235592	0.16559141384639597	0.152496153038868	0.12877382325708875	0.1018281200462577	0.16931415286223483	0.06148993516828741	0.07290387638757412	0.04679771810424714	0.05547491926002839	0.07347712516021908	0.08298743000292658	0.04605763731942544	0.06603142254601788	0.0773905762914889	0.08805998259817918	0.06590291131652633	0.07440352633339586	0.12911064764191796	0.15895069881795065	0.12223765753543621	0.16329314655012667	0.07039916789509237	0.13440686301190327
G1-123	0.15007185563735226	0.26439736898631894	0.28751587411762225	0.16371240574941084	0.1046924310460262	0.14366350375501347	0.2500253828141126	0.2342230836795168	0.2588165358367294	0.2292653010792117	0.2388057525555262	0.0	0.04984354516717115	0.22346386099760573	0.22759876669541565	0.22458077245514044	0.2192703622043726	0.2119998282569829	0.10856183900185545	0.13250341506195096	0.24555617401502328	0.2343280755378579	0.18239436202124212	0.22744473052368025	0.18605409375029666	0.24466670704023027	0.2432043745857025	0.25041671674131116	0.24956723987731133	0.24563133637400042	0.1910382345237336	0.18881922505972473	0.18277177709018771	0.24269001573490587	0.25189179691770847	0.24584522664353095	0.26329401339563807	0.2996116149422444	0.20546716778490393	0.21448299992977285	0.16791342571922888	0.2258000570110849	0.2403853494924792	0.23456882599981677	0.27083788735580755	0.16823634675781637	0.12472201088899677	0.1872925130277324	0.1467181739940858	0.21247701815293701	0.12694366985019984	0.1264645847639666	0.1045928307784861	0.11652846788814428	0.11552486912852732	0.12523096736333647	0.11736766608408383	0.12680388828596292	0.10022324929998803	0.10627487241528324	0.09691868121650851	0.10348165882970325	0.15670868003798902	0.20144879924100237	0.20374900937661097	0.24423041338760826	0.21948625244103087	0.22631977465030315	0.1767776316085235	0.1503642991073297	0.13477222013878742	0.16811492370928993	0.17534899067350862	0.14971346321723997	0.23920934040686173	0.25031015943344315	0.22997146848226693	0.2505347663561309	0.22552064104764846	0.27162774808365076	0.22900344829419644	0.2587330063556019	0.22192026830128112	0.2718824842792685	0.24811797109862385	0.24999811447224138	0.1412604293503904	0.14578435310755103	0.14855444783942917	0.1426634219456054	0.19542644759585548	0.1517283704915281
G1-124	0.16481536898374574	0.2922932691759644	0.3152672863063459	0.17862397894039678	0.08164930283122777	0.15777778503153625	0.2502798411797254	0.24002293360755345	0.2549944075054245	0.2236509322095199	0.23384387942568657	0.04984354516717115	0.0	0.2183723636773442	0.22126989902671823	0.21945798533735378	0.21294149453567518	0.22682363759040933	0.09448090013678384	0.1472469284083445	0.2605210673505674	0.2490715887564559	0.21486029933421982	0.2615923895176964	0.21963005325076507	0.23953863460611463	0.2403072602898502	0.2478257818350068	0.24444445275952495	0.24117676476088448	0.18701326395525442	0.18368354155350997	0.17809483931594808	0.2365916480928572	0.28389295054864544	0.2684782621618304	0.30211247974775474	0.32752319173935335	0.22021068113129744	0.2598617993375087	0.21330546924781282	0.25357356377366663	0.26813676168120265	0.2637734293152564	0.2985892995445312	0.18295863496267858	0.15665187740552391	0.202079081037742	0.17914878396854816	0.22696972636303928	0.15912347480977676	0.14120809811036011	0.10856161827160238	0.1307050136346149	0.12954031560719226	0.14005477669676294	0.132047914120071	0.1415474016323564	0.07507172220188786	0.08529752363893225	0.08925651759284596	0.09356724645664151	0.1602655816529141	0.2012833355238266	0.20121663277832874	0.23916142102005616	0.21986185475239858	0.22284134783211113	0.173123562911437	0.18987859751331285	0.16399675867459057	0.17770988499379656	0.17365831552935748	0.17993650969979058	0.23469613230458067	0.24692117364057256	0.22299146646741783	0.24456823405029907	0.2357434374006027	0.2674312626643635	0.23280755806029904	0.2529561219304713	0.2322089823223436	0.2684934984800081	0.2426388479874536	0.24660912868576046	0.133280484473817	0.15412557222598047	0.1420937448345149	0.15100464106403486	0.18744650271928207	0.1600695896099576
G1-153	0.27343902287352817	0.30709150103963173	0.3173341792665965	0.23942381658072745	0.284393038122467	0.2728723295574835	0.12763448096053484	0.09329105545095426	0.046895160285252056	0.10967390216982795	0.06433418576332689	0.22346386099760573	0.2183723636773442	0.0	0.01565287774228161	0.01922699451152907	0.011431489872665342	0.26558203239293277	0.27898515006662855	0.27476360855336507	0.2647275185922752	0.2650974973884319	0.2398469258478072	0.2505158113724694	0.2378590978664192	0.07470388239324775	0.11652007790453284	0.06848004286279474	0.02794692698278551	0.0848013717989848	0.17264406494246676	0.12484261158421517	0.15165278486007186	0.02888932157903872	0.28690798512723986	0.3235240612141349	0.3048543695151573	0.3290350330978495	0.27286869416296694	0.26372595654655584	0.2687483165017105	0.2686831673083059	0.3211407279977427	0.2673349555834933	0.3048452253615333	0.25626505730774307	0.2525515663328705	0.25083378561053454	0.24670967405546892	0.2613491135858335	0.2506726068397919	0.2730119682965532	0.28369865277769934	0.27984724121052035	0.28110213627228675	0.27274126221613987	0.2749418672546909	0.27083256462779515	0.2716403235516159	0.2771155303395514	0.2764097008300261	0.28272326856111774	0.2568926448795991	0.12168676579570027	0.14551334113605	0.06424586087088269	0.16028230544727703	0.12332574481851606	0.0940809049530101	0.16233587615689157	0.1413499811247121	0.12037959258988136	0.09797785206776716	0.1591839106632254	0.024810470475428965	0.030739011915332286	0.01781610684583202	0.04428875178221407	0.09536243805915298	0.05530087799190881	0.06644574564040497	0.04462009413529619	0.09955547939440505	0.05210571343877298	0.03180514512246493	0.030545591081107822	0.1270064155744946	0.15181757112002542	0.10055529631967368	0.16061258098834286	0.0660035496657174	0.1308710681145486
G1-154	0.26706250183127234	0.30081670657065274	0.3185481022170167	0.24083538134589325	0.2781139105867139	0.26659320202173015	0.14273416908467149	0.10869979539441359	0.041923215365949965	0.10274284558732336	0.06563263933585968	0.22759876669541565	0.22126989902671823	0.01565287774228161	0.0	0.013146072083004603	0.009311321141766788	0.2592858073377099	0.2726086290243726	0.2683870875111092	0.25844839105652206	0.2587380738656457	0.2421416683534888	0.26041857734937374	0.2400932149068905	0.07599810106872008	0.11781429658000506	0.06772745228252265	0.027443780693409525	0.08401473067014972	0.16949450177442016	0.12484514954764533	0.15043663425452614	0.027331223838599775	0.2970444687648319	0.3172711957595317	0.31490993096687475	0.3359801751963067	0.266492173120711	0.2736111427829327	0.2711539364650764	0.2709823026422758	0.31476859978377497	0.2772201418198702	0.3030707037550851	0.2555817901100926	0.2548463088385521	0.25312852811621595	0.24900441656115047	0.2548460494230383	0.2528408062121548	0.2666354472542972	0.2773392292549132	0.27348781768773417	0.27474271274950063	0.266445037160917	0.268565346212435	0.2644560435855393	0.26534409849639295	0.27073900929729544	0.27013057329427276	0.27636384503833167	0.25311273579937077	0.11539493356876553	0.13922150890911525	0.061893051540592464	0.1592777208189897	0.12461996349398835	0.08972001845372458	0.16462568876360667	0.1432977226899814	0.11851279216088896	0.09194876169551215	0.1611025538673935	0.02266973509001481	0.032154192333118996	0.019030029534271357	0.042735173005298006	0.09646252230545514	0.04972465516259383	0.06756934390835932	0.03874499777894871	0.10065556364070719	0.05158742826187499	0.02564969774054589	0.033276140774804154	0.11962859533286459	0.1501175641320205	0.099297491313886	0.1551462676108297	0.05564187407204212	0.12584693223752716
G1-155	0.267628794762329	0.30767930156824586	0.32938622677016655	0.23964990386322518	0.27859471584374457	0.26707400727876074	0.1466040145634482	0.11206947564778258	0.05043144905622503	0.11354581898951435	0.0764794098706871	0.22458077245514044	0.21945798533735378	0.01922699451152907	0.013146072083004603	0.0	0.01693999164002748	0.2598521002687665	0.2731749219554292	0.2689533804421659	0.2660554865552077	0.2592188791226763	0.24095619087082065	0.26955574219036776	0.23901310968098513	0.08684910650060795	0.12866530201189302	0.07852729165202993	0.031228571170600836	0.09484862058821997	0.16572389020490255	0.12263551947415893	0.14657770430038158	0.040198775717259515	0.30595982172649655	0.3176583235459671	0.32382591011460155	0.3450794101697414	0.26705846605176764	0.2826974971843386	0.26978919137016766	0.27702968630560365	0.3152621097319871	0.28630649622127613	0.3139088285702158	0.25439631262742457	0.25366083135588396	0.251943050633548	0.24781893907848238	0.2555836322917457	0.25182661865435774	0.267201740185354	0.2778200345119438	0.2739686229447649	0.2752363986232883	0.2670113300919736	0.26913163914349153	0.26502233651659585	0.26591039142744954	0.2713053022283522	0.2706113785513035	0.2768446502953622	0.25193917332550153	0.1214055714460009	0.13972789947408448	0.07178650084605559	0.1701158456341204	0.1354709689258762	0.08369724045012188	0.16365137814727715	0.13789934904623913	0.11361769425758067	0.08754733490286531	0.15814517093580654	0.034099950741969115	0.03456369879158756	0.029868154349402126	0.05566305540775138	0.10745923235427551	0.0589546972412855	0.0785425399355275	0.0497308943894754	0.11165227368952757	0.055751815610057716	0.03537330006823315	0.03603413517139492	0.11663629036180895	0.14639714985732147	0.09557281766040089	0.15142585333613073	0.05352545430784891	0.12212228306576761
G1-156	0.264445483179482	0.29810986729307826	0.3158583004226374	0.23322581701498743	0.27541140426089744	0.2638906956959137	0.1335210403081122	0.09948666663063391	0.05015254542134463	0.10002267559224934	0.06293860280416436	0.2192703622043726	0.21294149453567518	0.011431489872665342	0.009311321141766788	0.01693999164002748	0.0	0.2566687886859196	0.2699916103725822	0.26577006885931886	0.25574588473070564	0.25603556753982937	0.23453210402258293	0.2527870404752114	0.2324616780199485	0.07330829943408522	0.11512449494537022	0.06665006517418055	0.03500473592751309	0.08297139411037062	0.1621749358165	0.11752134866710566	0.14309940458900972	0.032425947848950844	0.289284826478819	0.3145217628218918	0.30716795235011934	0.3282978278378278	0.2638751544689207	0.26592879546918236	0.26341195784832117	0.26329995532852546	0.31207879814914014	0.26953779450611975	0.3003809021204502	0.24797222577918684	0.24723674450764627	0.24551896378531018	0.24139485223024462	0.25222903078402764	0.24523124188124892	0.2640184286025071	0.27463672292909685	0.27078531136191786	0.27204020642368415	0.2638280185091267	0.26594832756064457	0.26183902493374894	0.26272707984460264	0.2681219906455052	0.26742806696845656	0.27366133871251525	0.2479110110180295	0.11270513193413068	0.1365317072744804	0.06247977386405952	0.15658791918435488	0.12193016185935356	0.0849176438355072	0.15688371014685132	0.1350907102785851	0.11032287728174195	0.08873429496323133	0.15289554145599715	0.027761235897808448	0.037693674523833154	0.02061013975039487	0.047890227539442665	0.0937600159796388	0.05857297384526015	0.06486683758254301	0.047805724005558894	0.09795305731489085	0.059148383495978556	0.03473239652319222	0.037501795155224754	0.1161843005710141	0.14255660889791694	0.09173227670099635	0.14968743687319588	0.054698602926370805	0.11994592399940157
G1-157	0.06771459482803655	0.17226409692271602	0.21662846123571697	0.05182959446997645	0.15620819861588844	0.07199016400399659	0.2954423651309612	0.2871732078043627	0.2864932335464173	0.24210167645482492	0.252874182741461	0.2119998282569829	0.22682363759040933	0.26558203239293277	0.2592858073377099	0.2598521002687665	0.2566687886859196	0.0	0.13885635117557488	0.0857037810163404	0.03800545338887037	0.027413574085130222	0.11725143969218672	0.17297497389929933	0.12993791135600374	0.26377576102851136	0.2540658609875196	0.27933671906878194	0.2828429496018876	0.2695712019353894	0.23243783221821404	0.23385761381599843	0.2260174903676187	0.2570021813919466	0.19969260069536013	0.20501862565486892	0.18335214461736568	0.23299997513153492	0.02223079731719275	0.16265162706803907	0.1535340002123066	0.13058689093802997	0.143161067905557	0.19806792871336293	0.13213200672281136	0.0469168140181011	0.09073318382752488	0.027276741373562948	0.09530273443808474	0.009511931264520506	0.10186472064876084	0.08801849143003822	0.1289565574967181	0.10221032240296861	0.10574289504336865	0.08805369048728183	0.0994797511253823	0.08622997062479126	0.16454928634163307	0.1445651852277056	0.14338344970216274	0.14163004248881217	0.19839054659918615	0.2258112266077078	0.2154868566975376	0.2765451473752518	0.2376474906018243	0.2500208002109903	0.21583200038772193	0.20510953642122995	0.19445241840545457	0.19810118025293103	0.22274448602882696	0.19443464604720415	0.27255795898268725	0.2841657451852221	0.2527385632771298	0.25290597937219983	0.1893417313832099	0.2938226000827979	0.21752517766651602	0.2773537575451573	0.1814678592262504	0.2989228359489103	0.2744138284969	0.2856083304569083	0.2111323923423924	0.14456044439483348	0.2268067867531712	0.14324424386335777	0.21782042929336115	0.1585563211880837
G1-158	0.07273364919531511	0.23113820128409157	0.25606416756979195	0.11799706081446797	0.0239714892409241	0.08271588967599705	0.30975532752290097	0.30059008557763434	0.3002823311576332	0.2559986379239352	0.26695439376591756	0.10856183900185545	0.09448090013678384	0.27898515006662855	0.2726086290243726	0.2731749219554292	0.2699916103725822	0.13885635117557488	0.0	0.05453497520323554	0.17590935339759778	0.16558975190926964	0.18906199381257663	0.2442027425200667	0.20116567990009382	0.2778559720529681	0.2683365783584524	0.29340561557965417	0.2961892853102023	0.2837007944860851	0.24782740333778908	0.24809363433001017	0.24072894339739065	0.2704962930034804	0.24552629700811052	0.2210798051959999	0.26437254390392656	0.27204030977137167	0.12939223658710966	0.21337930142759934	0.20030796688450972	0.19539317134785553	0.19992124826539612	0.22660410393767633	0.23968775054246172	0.1084879275759112	0.08458001190631202	0.12977456653004812	0.12787132688319888	0.14443268806544565	0.10094289325138336	0.052152896042305684	0.02884621006530058	0.050490894602327745	0.049619747512169146	0.05213088784766193	0.040882015275644897	0.05518082185032752	0.030068826377247043	0.011480102823827033	0.018937252006583954	0.014489095719414051	0.1709491154473433	0.2399695405649236	0.23030714307575156	0.290602700818428	0.25372713914681566	0.2648129814506011	0.22932917414802634	0.22600992344316795	0.20770308501573784	0.2115180580262026	0.23067561370285306	0.21953559168557746	0.28592780871265444	0.29748856687188474	0.26606138496379245	0.2663163895795487	0.20353906045951461	0.3071723142503234	0.23110915696440001	0.291046051562425	0.19578019172147226	0.3122456576355728	0.28773665018356276	0.298931152143571	0.17530785137190197	0.14425874118567755	0.20082007194554302	0.13507118279135058	0.22925625133640634	0.1608704432894163
G1-159	0.01973191683463134	0.18782425467006997	0.2269727339251852	0.064475836809616	0.07522587739011256	0.028845833792720633	0.30447310323940385	0.2962039459128055	0.29519892279584453	0.250665196047583	0.2615375982684615	0.13250341506195096	0.1472469284083445	0.27476360855336507	0.2683870875111092	0.2689533804421659	0.26577006885931886	0.0857037810163404	0.05453497520323554	0.0	0.12195170899363507	0.11194836789731664	0.16114533502968306	0.21704556733468325	0.17419415305604774	0.272439176555512	0.26272927651452005	0.28800013459578244	0.29194422977528695	0.27817251697473455	0.241161943785038	0.24242113340875646	0.23474160193444263	0.266103461565346	0.21438697737582413	0.21374744546662944	0.2212854077874638	0.24361019214937343	0.0764992436513493	0.18511446081704794	0.17204312629312768	0.1523991844083439	0.15648605639382307	0.2085843020199209	0.19625691360124528	0.05578593566910096	0.055488220957942064	0.07724014034833768	0.10072942539889208	0.09196337254327715	0.0733640407035593	0.006380305659383311	0.046427872738111664	0.019867286062376782	0.023214210361439516	0.007997070773337245	0.015930749587529765	0.00639871188695053	0.08218888632282234	0.06263352440373779	0.06340077601170678	0.05988789628430456	0.1632071815803483	0.23447464205803098	0.22415027214786074	0.2852692589420757	0.24640778006497663	0.2587449117011369	0.22494303448319766	0.21416449295620274	0.20328465401329934	0.20713191836137387	0.22628947403802438	0.20346538415564697	0.2816592391560866	0.2932670253586214	0.2618398434505291	0.2620072595455993	0.19838231551678592	0.30286318421637387	0.226565761800092	0.28639434167873323	0.1905084433598264	0.30802411612230957	0.2835151086702994	0.29470961063030776	0.1710392818153342	0.137799981772291	0.1965985304322797	0.12935749099916016	0.22485278649337673	0.15662334550343648
G1-161	0.1047675967433502	0.16747332725524272	0.21185613362108643	0.08806492782736139	0.18808656978736124	0.10405852863493387	0.29430615383866265	0.2860317811943753	0.2846445465186357	0.23932623435944458	0.24916450176280003	0.24555617401502328	0.2605210673505674	0.2647275185922752	0.25844839105652206	0.2660554865552077	0.25574588473070564	0.03800545338887037	0.17590935339759778	0.12195170899363507	0.0	0.011777981149968064	0.13146168261205596	0.1578446502194985	0.13740899625600386	0.2610015291323207	0.2510479580910491	0.27650688910373095	0.2820476049921135	0.2660899562248293	0.2581332444295568	0.2448614437917468	0.2522244764851016	0.25601088728856625	0.19542750329086178	0.23696093410601754	0.1792664441022282	0.22833669229358663	0.05901554750218669	0.15721332479707195	0.18543876072150348	0.12454211473664825	0.17485032065572548	0.19268345511283874	0.12640670545889887	0.08432153825003103	0.1281773856659578	0.06465583256523325	0.13274693642987231	0.03956462216878523	0.1393089228194621	0.12490706377054639	0.16212834575670057	0.1353539602603388	0.13885275278309936	0.1255021983984661	0.13591414840274652	0.12415881059363981	0.20051548970894317	0.18135671595211936	0.17655028951236978	0.17535449082434476	0.23006565286542108	0.22239597045371873	0.21911571038373368	0.2732023912893672	0.2330737114399969	0.24577187443027	0.2449645451029482	0.20998371378208833	0.229465934569488	0.22143447986841883	0.2579004125428789	0.20613329798502483	0.2715442846580884	0.28295218310509285	0.25161048882629805	0.2521557601125499	0.18794180565527524	0.29319206359362143	0.21547713478902064	0.27621029490319843	0.17977727534145146	0.298140650590292	0.2734225343871297	0.2844841943255087	0.24623400834116968	0.1797321423271489	0.2622674510250304	0.17758962984897356	0.2527423611321862	0.19347023161259455
